{
  "keyframes": [
    {
      "matrix": "[1,0,0,0,0,0,1,0,0,-1,0,0,0,-1,0,1]",
      "fov": 50,
      "aspect": 1,
      "properties": "[[\"FOV\",50],[\"NAME\",\"Camera 1\"],[\"TIME\",0]]"
    },
    {
      "matrix": "[0,1,0,0,0,0,1,0,1,0,0,0,1,0,0,1]",
      "fov": 50,
      "aspect": 1,
      "properties": "[[\"FOV\",50],[\"NAME\",\"Camera 2\"],[\"TIME\",0.334]]"
    },
    {
      "matrix": "[-1,0,0,0,0,0,1,0,0,1,0,0,0,1,0,1]",
      "fov": 50,
      "aspect": 1,
      "properties": "[[\"FOV\",50],[\"NAME\",\"Camera 3\"],[\"TIME\",0.667]]"
    },
    {
      "matrix": "[0,-1,0,0,0,0,1,0,-1,0,0,0,-1,0,0,1]",
      "fov": 50,
      "aspect": 1,
      "properties": "[[\"FOV\",50],[\"NAME\",\"Camera 4\"],[\"TIME\",1]]"
    }
  ],
  "camera_type": "perspective",
  "render_height": 1080,
  "render_width": 1920,
  "camera_path": [
    {
      "camera_to_world": [
        1,
        0,
        0,
        0,
        0,
        2.220446049250313e-16,
        -1,
        -1,
        0,
        1,
        2.220446049250313e-16,
        0,
        0,
        0,
        0,
        1
      ],
      "fov": 50,
      "aspect": 1.6269727403156384
    },
    {
      "camera_to_world": [
        0.9980526307517622,
        -9.058717788097281e-22,
        0.06237744984757594,
        0.06233929666823471,
        0.062377449847575955,
        2.2149114708666099e-16,
        -0.998052630751762,
        -0.9974421716658888,
        -1.3815148811368299e-17,
        1,
        2.210598785440389e-16,
        0,
        0,
        0,
        0,
        1
      ],
      "fov": 50,
      "aspect": 1.6269727403156384
    },
    {
      "camera_to_world": [
        0.9921883299846346,
        -1.3145687630750101e-20,
        0.12474901940416948,
        0.12446287633988971,
        0.12474901940416948,
        2.1990928343844125e-16,
        -0.9921883299846346,
        -0.9899124979946082,
        -2.742042446896226e-17,
        1,
        2.1819306459454602e-16,
        0,
        0,
        0,
        0,
        1
      ],
      "fov": 50,
      "aspect": 1.6269727403156384
    },
    {
      "camera_to_world": [
        0.9823495701204741,
        -6.01355507022348e-20,
        0.18705432923116194,
        0.1861550220183853,
        0.18705432923116194,
        2.1739254617161992e-16,
        -0.9823495701204741,
        -0.9776266959827382,
        -4.0605142771605464e-17,
        1,
        2.135667228941857e-16,
        0,
        0,
        0,
        0,
        1
      ],
      "fov": 50,
      "aspect": 1.6269727403156384
    },
    {
      "camera_to_world": [
        0.9684596082540653,
        -1.7094911928439612e-19,
        0.24917059854722493,
        0.2472000167071417,
        0.24917059854722493,
        2.1400499717379728e-16,
        -0.9684596082540653,
        -0.9608004826268582,
        -5.31581959207987e-17,
        1,
        2.0729779122172127e-16,
        0,
        0,
        0,
        0,
        1
      ],
      "fov": 50,
      "aspect": 1.6269727403156384
    },
    {
      "camera_to_world": [
        0.9504388423392043,
        -3.7330784603346314e-19,
        0.31091157420223753,
        0.30738214340957926,
        0.3109115742022376,
        2.0978529929692393e-16,
        -0.9504388423392041,
        -0.9396495749235482,
        -6.4869871371874e-17,
        1,
        1.9950416273362414e-16,
        0,
        0,
        0,
        0,
        1
      ],
      "fov": 50,
      "aspect": 1.6269727403156384
    },
    {
      "camera_to_world": [
        0.9282210062364592,
        -6.87833854808699e-19,
        0.37202925097547834,
        0.3664856851291183,
        0.3720292509754784,
        2.0475145773959977e-16,
        -0.928221006236459,
        -0.9143896898693877,
        -7.553506962616659e-17,
        1,
        1.9031049844523314e-16,
        0,
        0,
        0,
        0,
        1
      ],
      "fov": 50,
      "aspect": 1.6269727403156384
    },
    {
      "camera_to_world": [
        0.9017687518118321,
        -1.1236029822110267e-18,
        0.4322188314450567,
        0.42429492486917897,
        0.4322188314450567,
        1.9890625123986432e-16,
        -0.9017687518118321,
        -0.8852365444609566,
        -8.495779741921053e-17,
        1,
        1.7985308427612256e-16,
        0,
        0,
        0,
        0,
        1
      ],
      "fov": 50,
      "aspect": 1.6269727403156384
    },
    {
      "camera_to_world": [
        0.8710878535297942,
        -1.675162651571982e-18,
        0.4911272253020146,
        0.4805941456331816,
        0.4911272253020146,
        1.9224327387231786e-16,
        -0.8710878535297942,
        -0.8524058556948344,
        -9.295669184141563e-17,
        1,
        1.6828349877797385e-16,
        0,
        0,
        0,
        0,
        1
      ],
      "fov": 50,
      "aspect": 1.6269727403156384
    },
    {
      "camera_to_world": [
        0.8362390383173206,
        -2.3212287804343807e-18,
        0.54836508896366,
        0.5351676304245466,
        0.54836508896366,
        1.8475336315184647e-16,
        -0.8362390383173206,
        -0.8161133405676008,
        -9.937119229803274e-17,
        1,
        1.557708555546787e-16,
        0,
        0,
        0,
        0,
        1
      ],
      "fov": 50,
      "aspect": 1.6269727403156384
    },
    {
      "camera_to_world": [
        0.7973463540225127,
        -3.0252361020333376e-18,
        0.6035219894312104,
        0.587799662246694,
        0.6035219894312105,
        1.7643103313187312e-16,
        -0.7973463540225125,
        -0.7765747160758358,
        -1.0406784713713832e-16,
        1,
        1.4250243751492242e-16,
        0,
        0,
        0,
        0,
        1
      ],
      "fov": 50,
      "aspect": 1.6269727403156384
    },
    {
      "camera_to_world": [
        0.7546010940775661,
        -3.73778853658422e-18,
        0.6561838071889158,
        0.6382745241030444,
        0.6561838071889158,
        1.6728040373089695e-16,
        -0.7546010940775661,
        -0.734005699216119,
        -1.0694615286910184e-16,
        1,
        1.2868265198547474e-16,
        0,
        0,
        0,
        0,
        1
      ],
      "fov": 50,
      "aspect": 1.6269727403156384
    },
    {
      "camera_to_world": [
        0.7082606117366205,
        -4.400861762718926e-18,
        0.7059510647789038,
        0.6863764989970179,
        0.7059510647789039,
        1.5732006084050662e-16,
        -0.7082606117366204,
        -0.6886220069850301,
        -1.0794330741720597e-16,
        1,
        1.1453039557667575e-16,
        0,
        0,
        0,
        0,
        1
      ],
      "fov": 50,
      "aspect": 1.6269727403156384
    },
    {
      "camera_to_world": [
        0.6586418537640287,
        -4.953390458705485e-18,
        0.7524565824486381,
        0.7318898699320348,
        0.7524565824486381,
        1.4658632477929713e-16,
        -0.6586418537640287,
        -0.6406393563791486,
        -1.070373347029972e-16,
        1,
        1.0027509994518347e-16,
        0,
        0,
        0,
        0,
        1
      ],
      "fov": 50,
      "aspect": 1.6269727403156384
    },
    {
      "camera_to_world": [
        0.6061100390928574,
        -5.337681853240799e-18,
        0.7953808022015962,
        0.7745989199115155,
        0.7953808022015965,
        1.351345522099492e-16,
        -0.6061100390928573,
        -0.5902734643950543,
        -1.0424820598516989e-16,
        1,
        8.615189839709564e-17,
        0,
        0,
        0,
        0,
        1
      ],
      "fov": 50,
      "aspect": 1.6269727403156384
    },
    {
      "camera_to_world": [
        0.551063486024772,
        -5.505986735567138e-18,
        0.8344633211653021,
        0.81428793193888,
        0.8344633211653021,
        1.2303832398317684e-16,
        -0.551063486024772,
        -0.5377400480293273,
        -9.96368202171064e-17,
        1,
        7.239647170646818e-17,
        0,
        0,
        0,
        0,
        1
      ],
      "fov": 50,
      "aspect": 1.6269727403156384
    },
    {
      "camera_to_world": [
        0.4939160311778524,
        -5.42656102513877e-18,
        0.8695096055510364,
        0.8507411890175488,
        0.8695096055510364,
        1.103866289793771e-16,
        -0.4939160311778524,
        -0.48325482427854705,
        -9.330196873748583e-17,
        1,
        5.924017261706308e-17,
        0,
        0,
        0,
        0,
        1
      ],
      "fov": 50,
      "aspect": 1.6269727403156384
    },
    {
      "camera_to_world": [
        0.43507869523008985,
        -5.088666830735576e-18,
        0.9003924305306451,
        0.8837429741509423,
        0.9003924305306453,
        9.727938213715387e-17,
        -0.43507869523008974,
        -0.427033510139293,
        -8.537564879781435e-17,
        1,
        4.6905983748908885e-17,
        0,
        0,
        0,
        0,
        1
      ],
      "fov": 50,
      "aspect": 1.6269727403156384
    },
    {
      "camera_to_world": [
        0.3749422025894542,
        -4.506162009830493e-18,
        0.9270481889941691,
        0.9130775703424805,
        0.9270481889941691,
        8.382176223008197e-17,
        -0.3749422025894542,
        -0.3692918226081452,
        -7.601726256450657e-17,
        1,
        3.560574548600414e-17,
        0,
        0,
        0,
        0,
        1
      ],
      "fov": 50,
      "aspect": 1.6269727403156384
    },
    {
      "camera_to_world": [
        0.3138616860956462,
        -3.719561513676685e-18,
        0.9494687156516523,
        0.9385292605955837,
        0.9494687156516523,
        7.011789378964692e-17,
        -0.3138616860956462,
        -0.3102454786816834,
        -6.540731871243599e-17,
        1,
        2.553892766347194e-17,
        0,
        0,
        0,
        0,
        1
      ],
      "fov": 50,
      "aspect": 1.6269727403156384
    },
    {
      "camera_to_world": [
        0.2521444842646503,
        -2.7966683843253545e-18,
        0.9676895985050751,
        0.9598823279136723,
        0.9676895985050753,
        5.626432891638942e-17,
        -0.25214448426465025,
        -0.250110195356487,
        -5.374124135183341e-17,
        1,
        1.68930471030993e-17,
        0,
        0,
        0,
        0,
        1
      ],
      "fov": 50,
      "aspect": 1.6269727403156384
    },
    {
      "camera_to_world": [
        0.19004146911293873,
        -1.832024639287793e-18,
        0.9817760640886475,
        0.976921055300167,
        0.9817760640886475,
        4.2343633250294347e-17,
        -0.19004146911293873,
        -0.18910168962913604,
        -4.122380493778581e-17,
        1,
        9.845684210138811e-18,
        0,
        0,
        0,
        0,
        1
      ],
      "fov": 50,
      "aspect": 1.6269727403156384
    },
    {
      "camera_to_world": [
        0.12774192141863708,
        -9.454993869490759e-19,
        0.9918074417508042,
        0.9894297257584874,
        0.9918074417508042,
        2.8418182463336964e-17,
        -0.12774192141863708,
        -0.12743567849621035,
        -2.806458493978078e-17,
        1,
        4.567946559238997e-18,
        0,
        0,
        0,
        0,
        1
      ],
      "fov": 50,
      "aspect": 1.6269727403156384
    },
    {
      "camera_to_world": [
        0.06537166459791233,
        -2.8030908335612813e-19,
        0.9978609850413523,
        0.997192622292054,
        0.9978609850413523,
        1.4524066624287128e-17,
        -0.06537166459791233,
        -0.06532787895428877,
        -1.4474675157136477e-17,
        1,
        1.2291719099944154e-18,
        0,
        0,
        0,
        0,
        1
      ],
      "fov": 50,
      "aspect": 1.6269727403156384
    },
    {
      "camera_to_world": [
        0.0029940124611419344,
        -6.599490816053142e-22,
        0.9999955179346467,
        0.9999940279042874,
        0.9999955179346469,
        6.648052993964606e-19,
        -0.0029940124611419336,
        -0.002994007999952475,
        -6.648003437998876e-19,
        1,
        2.6503814742965976e-21,
        0,
        0,
        0,
        0,
        1
      ],
      "fov": 50,
      "aspect": 1.6269727403156384
    },
    {
      "camera_to_world": [
        -0.059561567144483456,
        -2.3529660574318994e-19,
        0.9982246338972474,
        0.9976664063656926,
        0.9982246338972471,
        -1.3231968334544295e-17,
        0.05956156714448347,
        0.059528259103914696,
        1.3194462111908602e-17,
        1,
        1.0229956385368998e-18,
        0,
        0,
        0,
        0,
        1
      ],
      "fov": 50,
      "aspect": 1.6269727403156384
    },
    {
      "camera_to_world": [
        -0.12212150066603626,
        -8.741591674475995e-19,
        0.992515158108467,
        0.990327281371115,
        0.992515158108467,
        -2.716420426719634e-17,
        0.12212150066603626,
        0.12185229894326666,
        2.6854130863797397e-17,
        1,
        4.184949613799983e-18,
        0,
        0,
        0,
        0,
        1
      ],
      "fov": 50,
      "aspect": 1.6269727403156384
    },
    {
      "camera_to_world": [
        -0.18461855429299903,
        -1.7497607833115457e-18,
        0.982810250969516,
        0.9781942752210318,
        0.982810250969516,
        -4.112970744960741e-17,
        0.18461855429299903,
        0.1837514542922654,
        4.009965979467787e-17,
        1,
        9.312989962423549e-18,
        0,
        0,
        0,
        0,
        1
      ],
      "fov": 50,
      "aspect": 1.6269727403156384
    },
    {
      "camera_to_world": [
        -0.24693143401596185,
        -2.7156144685433285e-18,
        0.9690329544937163,
        0.9614850541502548,
        0.9690329544937163,
        -5.509471740858017e-17,
        0.24693143401596185,
        0.2450080589160982,
        5.2718026212480926e-17,
        1,
        1.6236137488123304e-17,
        0,
        0,
        0,
        0,
        1
      ],
      "fov": 50,
      "aspect": 1.6269727403156384
    },
    {
      "camera_to_world": [
        -0.30887460283125623,
        -3.648667629804515e-18,
        0.9511027703281248,
        0.9404172843935967,
        0.9511027703281248,
        -6.899832975721477e-17,
        0.30887460283125623,
        0.3054044465799526,
        6.449752181508133e-17,
        1,
        2.4782089590493388e-17,
        0,
        0,
        0,
        0,
        1
      ],
      "fov": 50,
      "aspect": 1.6269727403156384
    },
    {
      "camera_to_world": [
        -0.37019991231374966,
        -4.45134979280173e-18,
        0.9289521112107405,
        0.9152086321858698,
        0.9289521112107405,
        -8.275868634347742e-17,
        0.37019991231374966,
        0.3647229510490168,
        7.52309670968278e-17,
        1,
        3.477234921531711e-17,
        0,
        0,
        0,
        0,
        1
      ],
      "fov": 50,
      "aspect": 1.6269727403156384
    },
    {
      "camera_to_world": [
        -0.4306015175257151,
        -5.05306347847785e-18,
        0.9025421503201673,
        0.8860767637618859,
        0.9025421503201673,
        -9.627925677102093e-17,
        0.4306015175257151,
        0.4227459060884783,
        8.472023063535843e-17,
        1,
        4.60185968494193e-17,
        0,
        0,
        0,
        0,
        1
      ],
      "fov": 50,
      "aspect": 1.6269727403156384
    },
    {
      "camera_to_world": [
        -0.4897243891394233,
        -5.410823003631229e-18,
        0.8718772979508176,
        0.853239345356458,
        0.8718772979508178,
        -1.0945533332959814e-16,
        0.4897243891394232,
        0.47925564546352445,
        9.278180827952127e-17,
        1,
        5.832051999298552e-17,
        0,
        0,
        0,
        0,
        1
      ],
      "fov": 50,
      "aspect": 1.6269727403156384
    },
    {
      "camera_to_world": [
        -0.5471764351891555,
        -5.508715815123858e-18,
        0.8370172929956033,
        0.8169140432043976,
        0.8370172929956036,
        -1.2218064773310973e-16,
        0.5471764351891554,
        0.5340345029393436,
        9.925307553982734e-17,
        1,
        7.146526167516198e-17,
        0,
        0,
        0,
        0,
        1
      ],
      "fov": 50,
      "aspect": 1.6269727403156384
    },
    {
      "camera_to_world": [
        -0.6025438207957947,
        -5.355922480727441e-18,
        0.7980857999117671,
        0.7773185235405176,
        0.7980857999117673,
        -1.343538133206826e-16,
        0.6025438207957946,
        0.5868648122811232,
        1.0399869257980963e-16,
        1,
        8.52285456940258e-17,
        0,
        0,
        0,
        0,
        1
      ],
      "fov": 50,
      "aspect": 1.6269727403156384
    },
    {
      "camera_to_world": [
        -0.6554085941514306,
        -4.983181479191262e-18,
        0.7552745028878212,
        0.7346704525996303,
        0.7552745028878212,
        -1.4588413637894386e-16,
        0.6554085941514306,
        0.6375289072540505,
        1.0691654861514774e-16,
        1,
        9.937738664761515e-17,
        0,
        0,
        0,
        0,
        1
      ],
      "fov": 50,
      "aspect": 1.6269727403156384
    },
    {
      "camera_to_world": [
        -0.7053672864505174,
        -4.437801285212895e-18,
        0.7088420072240595,
        0.6891874966165474,
        0.7088420072240597,
        -1.566962627905479e-16,
        0.7053672864505173,
        0.6858091216233141,
        1.0794261359060346e-16,
        1,
        1.1367411765217776e-16,
        0,
        0,
        0,
        0,
        1
      ],
      "fov": 50,
      "aspect": 1.6269727403156384
    },
    {
      "camera_to_world": [
        -0.7520488573804351,
        -3.7775624164633e-18,
        0.6591073631152833,
        0.6410873218260816,
        0.6591073631152834,
        -1.667331580274396e-16,
        0.7520488573804349,
        0.7314877891541011,
        1.0705414063236507e-16,
        1,
        1.2788130018528596e-16,
        0,
        0,
        0,
        0,
        1
      ],
      "fov": 50,
      "aspect": 1.6269727403156384
    },
    {
      "camera_to_world": [
        -0.7951302916616503,
        -3.0640609769259975e-18,
        0.6064386360400027,
        0.5905875944630455,
        0.6064386360400027,
        -1.7595706261181124e-16,
        0.7951302916616503,
        0.7743472436115991,
        1.0427083335365991e-16,
        1,
        1.4176695547404712e-16,
        0,
        0,
        0,
        0,
        1
      ],
      "fov": 50,
      "aspect": 1.6269727403156384
    },
    {
      "camera_to_world": [
        -0.8343483525311348,
        -2.356170443855057e-18,
        0.5512375410189161,
        0.5379059807622507,
        0.5512375410189161,
        -1.8434829486035598e-16,
        0.8343483525311348,
        0.8141698187609964,
        9.965383382173969e-17,
        1,
        1.5510950571035397e-16,
        0,
        0,
        0,
        0,
        1
      ],
      "fov": 50,
      "aspect": 1.6269727403156384
    },
    {
      "camera_to_world": [
        -0.8695064362581832,
        -1.7043077525692789e-18,
        0.4939216104865165,
        0.4832601469585098,
        0.4939216104865165,
        -1.9190203638139415e-16,
        0.8695064362581832,
        0.8507378483674803,
        9.330265630491657e-17,
        1,
        1.6770185019458793e-16,
        0,
        0,
        0,
        0,
        1
      ],
      "fov": 50,
      "aspect": 1.6269727403156384
    },
    {
      "camera_to_world": [
        -0.9004760587056034,
        -1.1460825800040924e-18,
        0.4349055848089593,
        0.42686775928663534,
        0.4349055848089594,
        -1.9862347187239363e-16,
        0.9004760587056032,
        0.8838336661962384,
        8.535043726685602e-17,
        1,
        1.793541188327723e-16,
        0,
        0,
        0,
        0,
        1
      ],
      "fov": 50,
      "aspect": 1.6269727403156384
    },
    {
      "camera_to_world": [
        -0.9271931170875922,
        -7.037165825313052e-19,
        0.37458366705636625,
        0.36894648398143914,
        0.37458366705636625,
        -2.0452181118628268e-16,
        0.9271931170875922,
        0.9132396060124589,
        7.595804885546408e-17,
        1,
        1.8989481636426237e-16,
        0,
        0,
        0,
        0,
        1
      ],
      "fov": 50,
      "aspect": 1.6269727403156384
    },
    {
      "camera_to_world": [
        -0.9496495860790658,
        -3.833945615828311e-19,
        0.31331400169775203,
        0.3097139872777337,
        0.31331400169775203,
        -2.096037712997173e-16,
        0.9496495860790658,
        0.938738001581329,
        6.530770587014276e-17,
        1,
        1.991702575397064e-16,
        0,
        0,
        0,
        0,
        1
      ],
      "fov": 50,
      "aspect": 1.6269727403156384
    },
    {
      "camera_to_world": [
        -0.9678816408500381,
        -1.7650804865483596e-19,
        0.25140630323330765,
        0.24938793541033177,
        0.25140630323330765,
        -2.1386704220855394e-16,
        0.9678816408500381,
        0.9601111866680366,
        5.3596683565339036e-17,
        1,
        2.0704235897256278e-16,
        0,
        0,
        0,
        0,
        1
      ],
      "fov": 50,
      "aspect": 1.6269727403156384
    },
    {
      "camera_to_world": [
        -0.9819553161566789,
        -6.261728453635633e-20,
        0.1891130801177885,
        0.18818599461404473,
        0.1891130801177885,
        -2.172941327192588e-16,
        0.9819553161566789,
        0.9771414950377697,
        4.103167535462878e-17,
        1,
        2.133849705408784e-16,
        0,
        0,
        0,
        0,
        1
      ],
      "fov": 50,
      "aspect": 1.6269727403156384
    },
    {
      "camera_to_world": [
        -0.991950726575498,
        -1.3912838865646254e-20,
        0.12662446859253443,
        0.12632583112368517,
        0.12662446859253443,
        -2.1984683175045843e-16,
        0.991950726575498,
        0.9896112604557155,
        2.782418739153262e-17,
        1,
        2.1807898619601647e-16,
        0,
        0,
        0,
        0,
        1
      ],
      "fov": 50,
      "aspect": 1.6269727403156384
    },
    {
      "camera_to_world": [
        -0.9979456393245623,
        -1.0054153015449273e-21,
        0.0640663792725239,
        0.06402511117406623,
        0.0640663792725239,
        -2.2146137101945627e-16,
        0.9979456393245623,
        0.9973028166870621,
        1.4187224840129732e-17,
        1,
        2.2100647390102339e-16,
        0,
        0,
        0,
        0,
        1
      ],
      "fov": 50,
      "aspect": 1.6269727403156384
    },
    {
      "camera_to_world": [
        -0.9999988727458922,
        -3.336498662808585e-28,
        0.0015015015634364547,
        0.001501500999999017,
        0.0015015015634364547,
        -2.2204427152455618e-16,
        0.9999988727458922,
        0.9999984974969971,
        3.333998205125803e-19,
        1,
        2.220440212242395e-16,
        0,
        0,
        0,
        0,
        1
      ],
      "fov": 50,
      "aspect": 1.6269727403156384
    },
    {
      "camera_to_world": [
        -0.9981339033839537,
        8.3359218137266005e-22,
        -0.061063171515345606,
        -0.06102733316370376,
        -0.06106317151534562,
        -2.2151379791442236e-16,
        0.9981339033839535,
        0.9975480924454219,
        -1.3525502998446158e-17,
        1,
        2.21100482667509e-16,
        0,
        0,
        0,
        0,
        1
      ],
      "fov": 50,
      "aspect": 1.6269727403156384
    },
    {
      "camera_to_world": [
        -0.9923293159821343,
        1.26998698432105e-20,
        -0.12362252481821329,
        -0.12334372508223003,
        -0.12362252481821331,
        -2.1994638899730364e-16,
        0.992329315982134,
        0.9900913649961701,
        -2.7177725479340992e-17,
        1,
        2.1826081973640957e-16,
        0,
        0,
        0,
        0,
        1
      ],
      "fov": 50,
      "aspect": 1.6269727403156384
    },
    {
      "camera_to_world": [
        -0.9825276197542686,
        5.902877726343548e-20,
        -0.18611683540188217,
        -0.18523000852076654,
        -0.18611683540188217,
        -2.1743704264918193e-16,
        0.9825276197542686,
        0.9778459803810481,
        -4.041069687298818e-17,
        1,
        2.1364888620973002e-16,
        0,
        0,
        0,
        0,
        1
      ],
      "fov": 50,
      "aspect": 1.6269727403156384
    },
    {
      "camera_to_world": [
        -0.968651577400795,
        1.6911801954002126e-19,
        -0.2484232710495368,
        -0.24646851724450172,
        -0.2484232710495368,
        -2.140508636083386e-16,
        0.968651577400795,
        0.961029604834868,
        -5.3011399272167394e-17,
        1,
        2.0738271952982715e-16,
        0,
        0,
        0,
        0,
        1
      ],
      "fov": 50,
      "aspect": 1.6269727403156384
    },
    {
      "camera_to_world": [
        -0.950620809002107,
        3.70995307077869e-19,
        -0.310354760704874,
        -0.30684158501862385,
        -0.310354760704874,
        -2.0982718481879023e-16,
        0.950620809002107,
        0.939859904592442,
        -6.476818987486266e-17,
        1,
        1.9958122834282378e-16,
        0,
        0,
        0,
        0,
        1
      ],
      "fov": 50,
      "aspect": 1.6269727403156384
    },
    {
      "camera_to_world": [
        -0.9283682356485421,
        6.855672050956021e-19,
        -0.371661699720072,
        -0.36613154560831945,
        -0.371661699720072,
        -2.047843709561075e-16,
        0.9283682356485421,
        0.9145545458885828,
        -7.547404856903956e-17,
        1,
        1.9037010422563624e-16,
        0,
        0,
        0,
        0,
        1
      ],
      "fov": 50,
      "aspect": 1.6269727403156384
    },
    {
      "camera_to_world": [
        -0.9018559060485487,
        1.12209057534843e-18,
        -0.4320369483335324,
        -0.42412073277877677,
        -0.4320369483335324,
        -1.9892532436618262e-16,
        0.9018559060485487,
        0.8853311949581023,
        -8.493112607292422e-17,
        1,
        1.7988676323019242e-16,
        0,
        0,
        0,
        0,
        1
      ],
      "fov": 50,
      "aspect": 1.6269727403156384
    },
    {
      "camera_to_world": [
        -0.8710894285420842,
        1.6751336458460916e-18,
        -0.4911244317708349,
        -0.4805914802951842,
        -0.4911244317708349,
        -1.9224361381194302e-16,
        0.8710894285420842,
        0.8524075180358128,
        -9.295634438467066e-17,
        1,
        1.6828407875626693e-16,
        0,
        0,
        0,
        0,
        1
      ],
      "fov": 50,
      "aspect": 1.6269727403156384
    },
    {
      "camera_to_world": [
        -0.8361299917263778,
        2.323245241833357e-18,
        -0.5485313454449503,
        -0.5353261219227282,
        -0.5485313454449503,
        -1.8472999816422744e-16,
        0.8361299917263778,
        0.816001181356527,
        -9.938765941223441e-17,
        1,
        1.557326646749707e-16,
        0,
        0,
        0,
        0,
        1
      ],
      "fov": 50,
      "aspect": 1.6269727403156384
    },
    {
      "camera_to_world": [
        -0.7971028643176133,
        3.029510492753346e-18,
        -0.603843542398738,
        -0.5881069914265972,
        -0.6038435423987382,
        -1.7637895638436124e-16,
        0.7971028643176131,
        0.7763298511550568,
        -1.0409046233647128e-16,
        1,
        1.4242152168700402e-16,
        0,
        0,
        0,
        0,
        1
      ],
      "fov": 50,
      "aspect": 1.6269727403156384
    },
    {
      "camera_to_world": [
        -0.754201371075097,
        3.7440407800174186e-18,
        -0.6566431998189305,
        -0.6387164225719794,
        -0.6566431998189305,
        -1.6719470452517252e-16,
        0.754201371075097,
        0.7336111936662141,
        -1.0696350508253969e-16,
        1,
        1.2855697430742404e-16,
        0,
        0,
        0,
        0,
        1
      ],
      "fov": 50,
      "aspect": 1.6269727403156384
    },
    {
      "camera_to_world": [
        -0.7076856649687596,
        4.408246572575694e-18,
        -0.7065274231038202,
        -0.6869367491240612,
        -0.7065274231038202,
        -1.571961224781426e-16,
        0.7076856649687596,
        0.6880628751248123,
        -1.0794371842933511e-16,
        1,
        1.1435998955778307e-16,
        0,
        0,
        0,
        0,
        1
      ],
      "fov": 50,
      "aspect": 1.6269727403156384
    },
    {
      "camera_to_world": [
        -0.6578761246056136,
        4.960516900162441e-18,
        -0.7531261545544008,
        -0.7325503048480313,
        -0.753126154554401,
        -1.4642005758444976e-16,
        0.6578761246056135,
        0.6399025617656628,
        -1.0700936928389108e-16,
        1,
        1.0006215506581004e-16,
        0,
        0,
        0,
        0,
        1
      ],
      "fov": 50,
      "aspect": 1.6269727403156384
    },
    {
      "camera_to_world": [
        -0.6051418160583917,
        5.342734206203149e-18,
        -0.7961176938478077,
        -0.7753394235090775,
        -0.7961176938478077,
        -1.3492262390255384e-16,
        0.6051418160583917,
        0.5893479198235779,
        -1.041811763089372e-16,
        1,
        8.590076689083904e-17,
        0,
        0,
        0,
        0,
        1
      ],
      "fov": 50,
      "aspect": 1.6269727403156384
    },
    {
      "camera_to_world": [
        -0.5498850493265663,
        5.5069411448729374e-18,
        -0.8352403441687426,
        -0.8150864388723871,
        -0.8352403441687428,
        -1.2277834921786726e-16,
        0.5498850493265662,
        0.53661661553337,
        -9.95212460541146e-17,
        1,
        7.211359803306199e-17,
        0,
        0,
        0,
        0,
        1
      ],
      "fov": 50,
      "aspect": 1.6269727403156384
    },
    {
      "camera_to_world": [
        -0.49252350743295376,
        5.42147934167031e-18,
        -0.8702991408854436,
        -0.8515736847031472,
        -0.8702991408854438,
        -1.1007728561668956e-16,
        0.49252350743295364,
        0.48192631512985257,
        -9.312996108237178e-17,
        1,
        5.893395961401481e-17,
        0,
        0,
        0,
        0,
        1
      ],
      "fov": 50,
      "aspect": 1.6269727403156384
    },
    {
      "camera_to_world": [
        -0.43347163917148845,
        5.076040300404832e-18,
        -0.901167208698798,
        -0.8845834947665469,
        -0.901167208698798,
        -9.692043209957307e-17,
        0.43347163917148845,
        0.4254946848478357,
        -8.514119575153663e-17,
        1,
        4.658661964016932e-17,
        0,
        0,
        0,
        0,
        1
      ],
      "fov": 50,
      "aspect": 1.6269727403156384
    },
    {
      "camera_to_world": [
        -0.3731229528437576,
        4.485274591267822e-18,
        -0.9277819043617712,
        -0.9138982028277731,
        -0.9277819043617714,
        -8.341396676851245e-17,
        0.37312295284375757,
        0.36753939092213295,
        -7.571641003905107e-17,
        1,
        3.528502219095036e-17,
        0,
        0,
        0,
        0,
        1
      ],
      "fov": 50,
      "aspect": 1.6269727403156384
    },
    {
      "camera_to_world": [
        -0.3118345616207709,
        3.6908454295836114e-18,
        -0.9501364145104543,
        -0.9393001426520133,
        -0.9501364145104543,
        -6.966282348566399e-17,
        0.3118345616207709,
        0.308278099587557,
        -6.503825216479922e-17,
        1,
        2.5230082665894043e-17,
        0,
        0,
        0,
        0,
        1
      ],
      "fov": 50,
      "aspect": 1.6269727403156384
    },
    {
      "camera_to_world": [
        -0.2499148951353207,
        2.7620313682672485e-18,
        -0.9682678065439858,
        -0.9605716480044559,
        -0.968267806543986,
        -5.576407522814146e-17,
        0.24991489513532064,
        0.24792847707891896,
        -5.330428602534538e-17,
        1,
        1.6610659067516917e-17,
        0,
        0,
        0,
        0,
        1
      ],
      "fov": 50,
      "aspect": 1.6269727403156384
    },
    {
      "camera_to_world": [
        -0.18761501139460743,
        1.7951367078960675e-18,
        -0.9822426418657467,
        -0.9774950526502879,
        -0.9822426418657467,
        -4.1800429498271564e-17,
        0.18761501139460743,
        0.18670818963103247,
        -4.072136970759835e-17,
        1,
        9.605647879091716e-18,
        0,
        0,
        0,
        0,
        1
      ],
      "fov": 50,
      "aspect": 1.6269727403156384
    },
    {
      "camera_to_world": [
        -0.1251235145483824,
        9.120341909514554e-19,
        -0.9921411724684449,
        -0.9898526903546976,
        -0.9921411724684451,
        -2.783393767618603e-17,
        0.12512351454838236,
        0.1248349034787089,
        -2.75010786371047e-17,
        1,
        4.387546777306917e-18,
        0,
        0,
        0,
        0,
        1
      ],
      "fov": 50,
      "aspect": 1.6269727403156384
    },
    {
      "camera_to_world": [
        -0.0625647756939385,
        2.581386498709427e-19,
        -0.9980409053953485,
        -0.9974268948828724,
        -0.9980409053953487,
        -1.3899806307419604e-17,
        0.06256477569393849,
        0.06252628485676026,
        -1.3856424885149929e-17,
        1,
        1.1272711956476276e-18,
        0,
        0,
        0,
        0,
        1
      ],
      "fov": 50,
      "aspect": 1.6269727403156384
    },
    {
      "camera_to_world": [
        0,
        0,
        -1,
        -1,
        -1,
        0,
        0,
        0,
        0,
        1,
        0,
        0,
        0,
        0,
        0,
        1
      ],
      "fov": 50,
      "aspect": 1.6269727403156384
    },
    {
      "camera_to_world": [
        0.06250220886224901,
        2.57653441928716e-19,
        -0.9980448255901836,
        -0.9974320023148149,
        -0.9980448255901836,
        1.3885892137484686e-17,
        -0.06250220886224901,
        -0.062463831018518295,
        1.38426388872785e-17,
        1,
        1.1250486151281851e-18,
        0,
        0,
        0,
        0,
        1
      ],
      "fov": 50,
      "aspect": 1.6269727403156384
    },
    {
      "camera_to_world": [
        0.12499843341630286,
        9.104454823670077e-19,
        -0.992156939018959,
        -0.9898726851851851,
        -0.992156939018959,
        2.780603048660007e-17,
        -0.12499843341630286,
        -0.12471064814814836,
        2.7474141834846154e-17,
        1,
        4.379015053279856e-18,
        0,
        0,
        0,
        0,
        1
      ],
      "fov": 50,
      "aspect": 1.6269727403156384
    },
    {
      "camera_to_world": [
        0.1874277452174523,
        1.7922950350015232e-18,
        -0.9822783924747106,
        -0.9775390625,
        -0.9822783924747108,
        4.175850935426624e-17,
        -0.18742774521745229,
        -0.1865234375,
        4.0682555623474045e-17,
        1,
        9.587235937733713e-18,
        0,
        0,
        0,
        0,
        1
      ],
      "fov": 50,
      "aspect": 1.6269727403156384
    },
    {
      "camera_to_world": [
        0.2496663060378182,
        2.7581666648674043e-18,
        -0.9683319346326602,
        -0.9606481481481481,
        -0.9683319346326602,
        5.570830085683198e-17,
        -0.2496663060378182,
        -0.24768518518518498,
        5.3255505461140294e-17,
        1,
        1.657930655319903e-17,
        0,
        0,
        0,
        0,
        1
      ],
      "fov": 50,
      "aspect": 1.6269727403156384
    },
    {
      "camera_to_world": [
        0.3115262993907727,
        3.686466439904288e-18,
        -0.9502375307194989,
        -0.9394169560185185,
        -0.9502375307194989,
        6.959362095407673e-17,
        -0.3115262993907727,
        -0.30797887731481505,
        6.498203928137899e-17,
        1,
        2.5183261963962613e-17,
        0,
        0,
        0,
        0,
        1
      ],
      "fov": 50,
      "aspect": 1.6269727403156384
    },
    {
      "camera_to_world": [
        0.3727576899046713,
        4.4810598180865215e-18,
        -0.9279287174222668,
        -0.9140625,
        -0.9279287174222668,
        8.333208722945751e-17,
        -0.3727576899046713,
        -0.3671875,
        7.565588731683638e-17,
        1,
        3.522078042027662e-17,
        0,
        0,
        0,
        0,
        1
      ],
      "fov": 50,
      "aspect": 1.6269727403156384
    },
    {
      "camera_to_world": [
        0.43305326442238956,
        5.072724969520443e-18,
        -0.9013683321334913,
        -0.8848017939814816,
        -0.9013683321334913,
        9.682697723683306e-17,
        -0.43305326442238956,
        -0.42509403935185164,
        8.508001086992395e-17,
        1,
        4.650363222171152e-17,
        0,
        0,
        0,
        0,
        1
      ],
      "fov": 50,
      "aspect": 1.6269727403156384
    },
    {
      "camera_to_world": [
        0.49205725666790223,
        5.419745212008621e-18,
        -0.8705628387201342,
        -0.8518518518518516,
        -0.8705628387201342,
        1.0997369958454012e-16,
        -0.49205725666790223,
        -0.4814814814814817,
        9.307219113401253e-17,
        1,
        5.883158570009491e-17,
        0,
        0,
        0,
        0,
        1
      ],
      "fov": 50,
      "aspect": 1.6269727403156384
    },
    {
      "camera_to_world": [
        0.5493775521120303,
        5.507318100274062e-18,
        -0.8355742368188439,
        -0.8154296875,
        -0.8355742368188439,
        1.2266637774495683e-16,
        -0.5493775521120303,
        -0.5361328125,
        9.947126803094348e-17,
        1,
        7.199192745052913e-17,
        0,
        0,
        0,
        0,
        1
      ],
      "fov": 50,
      "aspect": 1.6269727403156384
    },
    {
      "camera_to_world": [
        0.6046010450334733,
        5.345523596513469e-18,
        -0.7965284529409052,
        -0.7757523148148149,
        -0.7965284529409055,
        1.3480424454068208e-16,
        -0.6046010450334732,
        -0.5888310185185184,
        1.0414350720115386e-16,
        1,
        8.576064876473424e-17,
        0,
        0,
        0,
        0,
        1
      ],
      "fov": 50,
      "aspect": 1.6269727403156384
    },
    {
      "camera_to_world": [
        0.6573112430738696,
        4.96574586382469e-18,
        -0.7536192206470615,
        -0.733036747685185,
        -0.7536192206470615,
        1.4629738915940173e-16,
        -0.6573112430738696,
        -0.6393590856481484,
        1.0698848381446867e-16,
        1,
        9.990520025465493e-17,
        0,
        0,
        0,
        0,
        1
      ],
      "fov": 50,
      "aspect": 1.6269727403156384
    },
    {
      "camera_to_world": [
        0.7071067811865476,
        4.415659757031872e-18,
        -0.7071067811865476,
        -0.6875,
        -0.7071067811865476,
        1.570713256429909e-16,
        -0.7071067811865476,
        -0.6875,
        1.0794385653450956e-16,
        1,
        1.141885424497291e-16,
        0,
        0,
        0,
        0,
        1
      ],
      "fov": 50,
      "aspect": 1.6269727403156384
    },
    {
      "camera_to_world": [
