{
  "keyframes": [
    {
      "matrix": "[1,0,0,0,0,0.7099999999999997,0.7100000000000001,0,0,-0.7100000000000001,0.7099999999999997,0,0,-0.25,0.25,1]",
      "fov": 50,
      "aspect": 1.659016393442623,
      "properties": "[[\"FOV\",50],[\"NAME\",\"Camera 1\"],[\"TIME\",0]]"
    },
    {
      "matrix": "[0,1,0,0,-0.71,0,0.71,0,0.71,0,0.7099999999999999,0,0.25,0,0.25,1]",
      "fov": 50,
      "aspect": 1.659016393442623,
      "properties": "[[\"FOV\",50],[\"NAME\",\"Camera 2\"],[\"TIME\",0.334]]"
    },
    {
      "matrix": "[-1,0,0,0,0,-0.7099999999999999,0.71,0,0,0.71,0.7099999999999999,0,0,0.25,0.25,1]",
      "fov": 50,
      "aspect": 1.659016393442623,
      "properties": "[[\"FOV\",50],[\"NAME\",\"Camera 3\"],[\"TIME\",0.667]]"
    },
    {
      "matrix": "[0,-1,0,0,0.71,0,0.71,0,-0.71,0,0.7099999999999999,0,-0.25,0,0.25,1]",
      "fov": 50,
      "aspect": 1.659016393442623,
      "properties": "[[\"FOV\",50],[\"NAME\",\"Camera 4\"],[\"TIME\",1]]"
    }
  ],
  "camera_type": "perspective",
  "render_height": 1080,
  "render_width": 1920,
  "camera_path": [
    {
      "camera_to_world": [
        1,
        0,
        0,
        0,
        0,
        0.7071067811865475,
        -0.7071067811865477,
        -0.25,
        0,
        0.7071067811865477,
        0.7071067811865475,
        0.25,
        0,
        0,
        0,
        1
      ],
      "fov": 50,
      "aspect": 1.659016393442623
    },
    {
      "camera_to_world": [
        0.9980526307517622,
        -0.04412100902829709,
        0.04409402240453664,
        0.015584824167058678,
        0.06237744984757595,
        0.705945646058267,
        -0.7055138542664412,
        -0.2493605429164722,
        1.3877787807814457e-17,
        0.7068904309535539,
        0.7073230652440927,
        0.25,
        0,
        0,
        0,
        1
      ],
      "fov": 50,
      "aspect": 1.659016393442623
    },
    {
      "camera_to_world": [
        0.9921883299846346,
        -0.08831210236371552,
        0.08810953647819564,
        0.03111571908497243,
        0.12474901940416946,
        0.7023881853355746,
        -0.7007770824297102,
        -0.24747812449865206,
        2.7755575615628907e-17,
        0.7062944213832495,
        0.707918208780436,
        0.25,
        0,
        0,
        0,
        1
      ],
      "fov": 50,
      "aspect": 1.659016393442623
    },
    {
      "camera_to_world": [
        0.982349570120474,
        -0.1325857189964555,
        0.13194828230148686,
        0.046538755504596324,
        0.18705432923116194,
        0.6962978328040963,
        -0.6929502189538573,
        -0.24440667399568455,
        4.163336342344337e-17,
        0.7054008471433185,
        0.7088086094634352,
        0.25,
        0,
        0,
        0,
        1
      ],
      "fov": 50,
      "aspect": 1.659016393442623
    },
    {
      "camera_to_world": [
        0.9684596082540654,
        -0.17688829776465614,
        0.1754893651886195,
        0.061800004176785425,
        0.2491705985472249,
        0.6875175986119381,
        -0.6820803210901863,
        -0.24020012065671456,
        4.163336342344337e-17,
        0.70429403072353,
        0.7099083872495123,
        0.25,
        0,
        0,
        0,
        1
      ],
      "fov": 50,
      "aspect": 1.659016393442623
    },
    {
      "camera_to_world": [
        0.9504388423392043,
        -0.22109904555612708,
        0.21858915578564989,
        0.07684553585239481,
        0.3109115742022376,
        0.675887095679425,
        -0.6682145066676707,
        -0.23491239373088704,
        2.7755575615628914e-17,
        0.703058920680338,
        0.7111316010780271,
        0.25,
        0,
        0,
        0,
        1
      ],
      "fov": 50,
      "aspect": 1.659016393442623
    },
    {
      "camera_to_world": [
        0.9282210062364591,
        -0.26503159817332267,
        0.2610823922654875,
        0.09162142128227957,
        0.3720292509754784,
        0.6612595544459314,
        -0.6514062005174597,
        -0.22859742246734693,
        5.551115123125783e-17,
        0.7017792057504003,
        0.7123945159645303,
        0.25,
        0,
        0,
        0,
        1
      ],
      "fov": 50,
      "aspect": 1.659016393442623
    },
    {
      "camera_to_world": [
        0.9017687518118322,
        -0.3084391096073246,
        0.3027844677660516,
        0.10607373121729474,
        0.43221883144505685,
        0.6435183537714666,
        -0.6317206741143834,
        -0.22130913611523914,
        5.551115123125785e-17,
        0.700535112627413,
        0.713617934174932,
        0.25,
        0,
        0,
        0,
        1
      ],
      "fov": 50,
      "aspect": 1.659016393442623
    },
    {
      "camera_to_world": [
        0.8710878535297943,
        -0.35102314273696616,
        0.3434948394021653,
        0.1201485364082954,
        0.4911272253020147,
        0.6225922331184031,
        -0.609239657136487,
        -0.2131014639237086,
        8.326672684688677e-17,
        0.6994009326013968,
        0.7147295540806301,
        0.25,
        0,
        0,
        0,
        1
      ],
      "fov": 50,
      "aspect": 1.659016393442623
    },
    {
      "camera_to_world": [
        0.8362390383173208,
        -0.39244640203517556,
        0.38300142600748627,
        0.13379190760613666,
        0.5483650889636599,
        0.5984680798137683,
        -0.5840647966192607,
        -0.2040283351419002,
        8.326672684688677e-17,
        0.6984423948856959,
        0.7156662776925663,
        0.25,
        0,
        0,
        0,
        1
      ],
      "fov": 50,
      "aspect": 1.659016393442623
    },
    {
      "camera_to_world": [
        0.7973463540225126,
        -0.43234888380095404,
        0.4210857803382528,
        0.1469499155616735,
        0.6035219894312105,
        0.571200075890004,
        -0.5563197655811338,
        -0.19414367901895896,
        8.326672684688674e-17,
        0.6977140646277118,
        0.7163763564081922,
        0.25,
        0,
        0,
        0,
        1
      ],
      "fov": 50,
      "aspect": 1.659016393442623
    },
    {
      "camera_to_world": [
        0.754601094077566,
        -0.4703664955132381,
        0.4575287408628394,
        0.1595686310257611,
        0.6561838071889158,
        0.5409140979145387,
        -0.5261508812692046,
        -0.18350142480402976,
        1.1102230246251563e-16,
        0.6972569817333463,
        0.7168212478882753,
        0.25,
        0,
        0,
        0,
        1
      ],
      "fov": 50,
      "aspect": 1.659016393442623
    },
    {
      "camera_to_world": [
        0.7082606117366205,
        -0.5061507174317847,
        0.49211620284822755,
        0.17159412474925448,
        0.705951064778904,
        0.5078066096145618,
        -0.4937261805589164,
        -0.17215550174625752,
        2.775557561562892e-17,
        0.6970967640687006,
        0.7169770578790833,
        0.25,
        0,
        0,
        0,
        1
      ],
      "fov": 50,
      "aspect": 1.659016393442623
    },
    {
      "camera_to_world": [
        0.6586418537640286,
        -0.53938756025887,
        0.5246446114354628,
        0.1829724674830087,
        0.752456582448638,
        0.47213783608625515,
        -0.4592330075958222,
        -0.16015983909478715,
        8.326672684688674e-17,
        0.6972423707533645,
        0.7168354597996863,
        0.25,
        0,
        0,
        0,
        1
      ],
      "fov": 50,
      "aspect": 1.659016393442623
    },
    {
      "camera_to_world": [
        0.6061100390928574,
        -0.5698140040277128,
        0.5549257800145536,
        0.19364972997787888,
        0.7953808022015962,
        0.4342196684920206,
        -0.42287428271748206,
        -0.1475683660987636,
        5.5511151231257815e-17,
        0.6976856600995792,
        0.7164040198738519,
        0.25,
        0,
        0,
        0,
        1
      ],
      "fov": 50,
      "aspect": 1.659016393442623
    },
    {
      "camera_to_world": [
        0.5510634860247718,
        -0.5972303236163304,
        0.582790678480155,
        0.20357198298472,
        0.8344633211653021,
        0.3943993890973221,
        -0.38486372589454715,
        -0.13443501200733182,
        1.1102230246251565e-16,
        0.6984017915446611,
        0.715705901587522,
        0.25,
        0,
        0,
        0,
        1
      ],
      "fov": 50,
      "aspect": 1.659016393442623
    },
    {
      "camera_to_world": [
        0.49391603117785243,
        -0.6215071831470416,
        0.6080919136464062,
        0.2126852972543872,
        0.8695096055510365,
        0.3530407936712499,
        -0.3454203871494199,
        -0.12081370606963676,
        8.326672684688677e-17,
        0.6993504266822205,
        0.7147789733193025,
        0.25,
        0,
        0,
        0,
        1
      ],
      "fov": 50,
      "aspect": 1.659016393442623
    },
    {
      "camera_to_world": [
        0.43507869523008985,
        -0.6425870180427632,
        0.6307047274278131,
        0.22093574353773557,
        0.9003924305306452,
        0.3105045221416086,
        -0.3047628795846512,
        -0.10675837753482326,
        8.326672684688677e-17,
        0.7004775984801518,
        0.7136743893593767,
        0.25,
        0,
        0,
        0,
        1
      ],
      "fov": 50,
      "aspect": 1.659016393442623
    },
    {
      "camera_to_world": [
        0.37494220258945443,
        -0.6604798858710835,
        0.6505264522500902,
        0.22826939258562012,
        0.9270481889941691,
        0.26712935326827236,
        -0.26310371321041065,
        -0.0923229556520363,
        5.551115123125784e-17,
        0.7017180551918233,
        0.712454750154566,
        0.25,
        0,
        0,
        0,
        1
      ],
      "fov": 50,
      "aspect": 1.659016393442623
    },
    {
      "camera_to_world": [
        0.31386168609564624,
        -0.6752545239256412,
        0.6674744713613799,
        0.23463231514889593,
        0.9494687156516524,
        0.22321591004455102,
        -0.22064409237907293,
        -0.07756136967042085,
        5.551115123125784e-17,
        0.7029978559148943,
        0.7111919674596033,
        0.25,
        0,
        0,
        0,
        1
      ],
      "fov": 50,
      "aspect": 1.659016393442623
    },
    {
      "camera_to_world": [
        0.2521444842646504,
        -0.6870257088843345,
        0.6814828203167643,
        0.23997058197841808,
        0.9676895985050751,
        0.1790137491513894,
        -0.1775694753043157,
        -0.06252754883912175,
        1.804112415015879e-16,
        0.7042370005521873,
        0.7099649618490047,
        0.25,
        0,
        0,
        0,
        1
      ],
      "fov": 50,
      "aspect": 1.659016393442623
    },
    {
      "camera_to_world": [
        0.1900414691129389,
        -0.6959391341371801,
        0.6924976256954155,
        0.24423026382504176,
        0.9817760640886475,
        0.1347122834853247,
        -0.13404611393387575,
        -0.04727542240728401,
        1.9428902930940244e-16,
        0.7053519137668525,
        0.7088573042195718,
        0.25,
        0,
        0,
        0,
        1
      ],
      "fov": 50,
      "aspect": 1.659016393442623
    },
    {
      "camera_to_world": [
        0.1277419214186371,
        -0.7021549204720963,
        0.7004716048271328,
        0.24735743143962186,
        0.9918074417508043,
        0.09043551691477625,
        -0.09021871074274156,
        -0.03185891962405259,
        1.2490009027033014e-16,
        0.7062576618608689,
        0.7079548820813503,
        0.25,
        0,
        0,
        0,
        1
      ],
      "fov": 50,
      "aspect": 1.659016393442623
    },
    {
      "camera_to_world": [
        0.06537166459791258,
        -0.7058306106756104,
        0.7053578485428463,
        0.2492981555730135,
        0.9978609850413523,
        0.046240230488732444,
        -0.046209258992661574,
        -0.01633196973857219,
        1.1796119636642288e-16,
        0.7068698537338001,
        0.7073436292795434,
        0.25,
        0,
        0,
        0,
        1
      ],
      "fov": 50,
      "aspect": 1.659016393442623
    },
    {
      "camera_to_world": [
        0.002994012461141878,
        -0.7071041386932244,
        0.7071030850818683,
        0.24999850697607184,
        0.9999955179346468,
        0.0021170880914995827,
        -0.0021170849369601358,
        -0.0007485019999881187,
        1.5655879370690684e-16,
        0.7071062543783119,
        0.7071073079943907,
        0.25,
        0,
        0,
        0,
        1
      ],
      "fov": 50,
      "aspect": 1.659016393442623
    },
    {
      "camera_to_world": [
        -0.05956156714448351,
        -0.7060487985973685,
        0.7056539617393965,
        0.24941660159142315,
        0.9982246338972474,
        -0.0421281658425471,
        0.04210460691479811,
        0.014882064775978674,
        2.4286128663675305e-17,
        0.7069089839872991,
        0.7073045230719541,
        0.25,
        0,
        0,
        0,
        1
      ],
      "fov": 50,
      "aspect": 1.659016393442623
    },
    {
      "camera_to_world": [
        -0.12212150066603629,
        -0.7025881557845433,
        0.7010393872146912,
        0.24758182034277876,
        0.992515158108467,
        -0.0864481708250289,
        0.08625760653954714,
        0.030463074735816664,
        2.0816681711721685e-17,
        0.706326126596122,
        0.7078865748746185,
        0.25,
        0,
        0,
        0,
        1
      ],
      "fov": 50,
      "aspect": 1.659016393442623
    },
    {
      "camera_to_world": [
        -0.18461855429299912,
        -0.696585698673393,
        0.6933140369374213,
        0.24454856880525794,
        0.982810250969516,
        -0.13085195693003554,
        0.13023738310031102,
        0.04593786357306635,
        2.7755575615628914e-17,
        0.7054403800260384,
        0.7087692644498057,
        0.25,
        0,
        0,
        0,
        1
      ],
      "fov": 50,
      "aspect": 1.659016393442623
    },
    {
      "camera_to_world": [
        -0.24693143401596188,
        -0.6878835350529195,
        0.6825255373229043,
        0.2403712635375637,
        0.9690329544937162,
        -0.17528822622480594,
        0.1739228876604243,
        0.06125201472902455,
        2.775557561562892e-17,
        0.7043367660076107,
        0.7098659873877181,
        0.25,
        0,
        0,
        0,
        1
      ],
      "fov": 50,
      "aspect": 1.659016393442623
    },
    {
      "camera_to_world": [
        -0.3088746028312563,
        -0.6763196585792863,
        0.6687213165026454,
        0.23510432109839918,
        0.951102770328125,
        -0.21963763795849248,
        0.21717004458760067,
        0.07635111164498815,
        2.775557561562892e-17,
        0.7031010079719783,
        0.7110899890933552,
        0.25,
        0,
        0,
        0,
        1
      ],
      "fov": 50,
      "aspect": 1.659016393442623
    },
    {
      "camera_to_world": [
        -0.3701999123137497,
        -0.661745226615399,
        0.6519549677505543,
        0.22880215804646745,
        0.9289521112107406,
        -0.2637143744124478,
        0.2598128245590645,
        0.0911807377622542,
        -2.7755575615628914e-17,
        0.7018176285759611,
        0.7123566636313683,
        0.25,
        0,
        0,
        0,
        1
      ],
      "fov": 50,
      "aspect": 1.659016393442623
    },
    {
      "camera_to_world": [
        -0.4306015175257152,
        -0.6440413690125427,
        0.6322919010275246,
        0.22151919094047148,
        0.9025421503201674,
        -0.30727117924383013,
        0.3016655255436967,
        0.10568647652211957,
        2.775557561562892e-17,
        0.7005677250677166,
        0.7135859181580338,
        0.25,
        0,
        0,
        0,
        1
      ],
      "fov": 50,
      "aspect": 1.659016393442623
    },
    {
      "camera_to_world": [
        -0.4897243891394233,
        -0.6231346870965286,
        0.6098140572495275,
        0.2133098363391145,
        0.8718772979508178,
        -0.35000825770686295,
        0.3425261987862935,
        0.11981391136588111,
        -2.775557561562892e-17,
        0.6994264659520095,
        0.7147045674443968,
        0.25,
        0,
        0,
        0,
        1
      ],
      "fov": 50,
      "aspect": 1.659016393442623
    },
    {
      "camera_to_world": [
        -0.5471764351891555,
        -0.5990103200786991,
        0.584623455920905,
        0.2042285108010994,
        0.8370172929956035,
        -0.39158609305327596,
        0.3821810865984646,
        0.1335086257348359,
        -2.7755575615628914e-17,
        0.6984604270583163,
        0.7156486790552431,
        0.25,
        0,
        0,
        0,
        1
      ],
      "fov": 50,
      "aspect": 1.659016393442623
    },
    {
      "camera_to_world": [
        -0.6025438207957946,
        -0.5717213383060757,
        0.5568443726449206,
        0.1943296308851294,
        0.7980857999117672,
        -0.43164176038655605,
        0.4204098555809433,
        0.1467162030702808,
        0,
        0.6977249472506374,
        0.7163657571269689,
        0.25,
        0,
        0,
        0,
        1
      ],
      "fov": 50,
      "aspect": 1.659016393442623
    },
    {
      "camera_to_world": [
        -0.6554085941514307,
        -0.5413933278251067,
        0.5266240018256876,
        0.18366761314990757,
        0.7552745028878212,
        -0.469807783151817,
        0.4569913261513067,
        0.15938222681351263,
        2.7755575615628914e-17,
        0.697261723799917,
        0.7168166352168233,
        0.25,
        0,
        0,
        0,
        1
      ],
      "fov": 50,
      "aspect": 1.659016393442623
    },
    {
      "camera_to_world": [
        -0.7053672864505175,
        -0.5082233797814192,
        0.4941315487286609,
        0.17229687415413686,
        0.7088420072240595,
        -0.5057320850819954,
        0.4917093317328681,
        0.17145228040582852,
        0,
        0.6970968758803676,
        0.7169769491677059,
        0.25,
        0,
        0,
        0,
        1
      ],
      "fov": 50,
      "aspect": 1.659016393442623
    },
    {
      "camera_to_world": [
        -0.7520488573804351,
        -0.47247325669912343,
        0.45955580489958603,
        0.1602718304565204,
        0.6591073631152835,
        -0.5390972590018535,
        0.5243583023314368,
        0.18287194728852527,
        -1.3877787807814457e-16,
        0.6972396768979896,
        0.7168380800147179,
        0.25,
        0,
        0,
        0,
        1
      ],
      "fov": 50,
      "aspect": 1.659016393442623
    },
    {
      "camera_to_world": [
        -0.7951302916616505,
        -0.4344571825998243,
        0.42310137765018185,
        0.14764689861576138,
        0.6064386360400027,
        -0.5696372984591802,
        0.5547481671191606,
        0.19358681090289978,
        -5.551115123125783e-17,
        0.6976820942890464,
        0.7164074924988224,
        0.25,
        0,
        0,
        0,
        1
      ],
      "fov": 50,
      "aspect": 1.659016393442623
    },
    {
      "camera_to_world": [
        -0.834348352531135,
        -0.3945253615085536,
        0.3849838512913577,
        0.13447649519056268,
        0.5512375410189161,
        -0.5971501592543319,
        0.5827082122932067,
        0.2035424546902491,
        -8.326672684688677e-17,
        0.6983991884510398,
        0.7157084417351307,
        0.25,
        0,
        0,
        0,
        1
      ],
      "fov": 50,
      "aspect": 1.659016393442623
    },
    {
      "camera_to_world": [
        -0.8695064362581832,
        -0.35304483030827294,
        0.3454242393032035,
        0.12081503673962744,
        0.4939216104865165,
        -0.6215050034728162,
        0.6080896096404382,
        0.21268446209187009,
        -5.551115123125784e-17,
        0.6993503259818054,
        0.7147790718460793,
        0.25,
        0,
        0,
        0,
        1
      ],
      "fov": 50,
      "aspect": 1.659016393442623
    },
    {
      "camera_to_world": [
        -0.9004760587056033,
        -0.3103794940126053,
        0.3046431312117542,
        0.10671693982165883,
        0.43490558480895936,
        -0.6426436294081651,
        0.6307664368711117,
        0.2209584165490596,
        0,
        0.7004810741751558,
        0.7136709779179898,
        0.25,
        0,
        0,
        0,
        1
      ],
      "fov": 50,
      "aspect": 1.659016393442623
    },
    {
      "camera_to_world": [
        -0.9271931170875922,
        -0.26687113690267317,
        0.26285494082034927,
        0.09223662099535979,
        0.37458366705636625,
        -0.6605762691950604,
        0.6506351273570622,
        0.22830990150311473,
        -2.7755575615628914e-17,
        0.7017255794572476,
        0.7124473392015652,
        0.25,
        0,
        0,
        0,
        1
      ],
      "fov": 50,
      "aspect": 1.659016393442623
    },
    {
      "camera_to_world": [
        -0.9496495860790659,
        -0.222822887292998,
        0.22026262633109334,
        0.07742849681943342,
        0.31331400169775203,
        -0.6753725066231412,
        0.6676123977561503,
        0.23468450039533226,
        -2.7755575615628914e-17,
        0.7030092020706321,
        0.7111807518514638,
        0.25,
        0,
        0,
        0,
        1
      ],
      "fov": 50,
      "aspect": 1.659016393442623
    },
    {
      "camera_to_world": [
        -0.9678816408500382,
        -0.1784861290640527,
        0.17705318702911862,
        0.06234698385258294,
        0.2514063032333075,
        -0.6871484336141331,
        0.6816317927416572,
        0.24002779666700916,
        -2.7755575615628914e-17,
        0.7042511852410145,
        0.7099508913203972,
        0.25,
        0,
        0,
        0,
        1
      ],
      "fov": 50,
      "aspect": 1.659016393442623
    },
    {
      "camera_to_world": [
        -0.9819553161566787,
        -0.1340513163034196,
        0.13339415905112773,
        0.04704649865351118,
        0.18911308011778827,
        -0.6960512863518306,
        0.6926390471929263,
        0.24428537375944243,
        -1.3877787807814457e-17,
        0.7053671748566718,
        0.7088421182708583,
        0.25,
        0,
        0,
        0,
        1
      ],
      "fov": 50,
      "aspect": 1.659016393442623
    },
    {
      "camera_to_world": [
        -0.9919507265754981,
        -0.08964266687571595,
        0.08943124913446718,
        0.03158145778092129,
        0.12662446859253437,
        -0.7022426986499073,
        0.7005864944077596,
        0.24740281511392886,
        -1.387778780781446e-17,
        0.7062714665539767,
        0.707941110214469,
        0.25,
        0,
        0,
        0,
        1
      ],
      "fov": 50,
      "aspect": 1.659016393442623
    },
    {
      "camera_to_world": [
        -0.9979456393245623,
        -0.045316364054645314,
        0.04528717370247019,
        0.016006277793516557,
        0.06406637927252375,
        -0.7058814375322848,
        0.7054267468662243,
        0.24932570417176553,
        0,
        0.7068789311446635,
        0.7073345578322736,
        0.25,
        0,
        0,
        0,
        1
      ],
      "fov": 50,
      "aspect": 1.659016393442623
    },
    {
      "camera_to_world": [
        -0.9999988727458923,
        -0.0010617221366733159,
        0.0010617217382628082,
        0.00037537524999975425,
        0.0015015015634363988,
        -0.7071061167680553,
        0.7071058514269674,
        0.24999962437424927,
        -1.0842021724855044e-19,
        0.7071066485158415,
        0.7071069138572287,
        0.25,
        0,
        0,
        0,
        1
      ],
      "fov": 50,
      "aspect": 1.659016393442623
    },
    {
      "camera_to_world": [
        -0.9981339033839537,
        0.04319085528858663,
        -0.043165506309469893,
        -0.01525683329092594,
        -0.061063171515345634,
        -0.7059943974389623,
        0.705580044976673,
        0.24938702311135547,
        6.93889390390723e-18,
        0.7068991871577139,
        0.7073143142873353,
        0.25,
        0,
        0,
        0,
        1
      ],
      "fov": 50,
      "aspect": 1.659016393442623
    },
    {
      "camera_to_world": [
        -0.9923293159821343,
        0.08751295171075536,
        -0.0873155881002972,
        -0.030835931270557507,
        -0.12362252481821331,
        -0.7024744692636873,
        0.7008902135072732,
        0.24752284124904253,
        1.387778780781446e-17,
        0.7063080796051903,
        0.7079045816241255,
        0.25,
        0,
        0,
        0,
        1
      ],
      "fov": 50,
      "aspect": 1.659016393442623
    },
    {
      "camera_to_world": [
        -0.9825276197542687,
        0.1319183896565356,
        -0.13128981259198208,
        -0.046307502130191636,
        -0.18611683540188226,
        -0.6964091190954197,
        0.6930908038783449,
        0.24446149509526202,
        1.3877787807814457e-17,
        0.7054161022482887,
        0.7087934273741765,
        0.25,
        0,
        0,
        0,
        1
      ],
      "fov": 50,
      "aspect": 1.659016393442623
    },
    {
      "camera_to_world": [
        -0.9686515774007951,
        0.1763542435056513,
        -0.17496657508364583,
        -0.06161712931112543,
        -0.24842327104953682,
        -0.687640153160247,
        0.6822293589129689,
        0.240257401208717,
        2.7755575615628914e-17,
        0.7043083135667941,
        0.709894217077938,
        0.25,
        0,
        0,
        0,
        1
      ],
      "fov": 50,
      "aspect": 1.659016393442623
    },
    {
      "camera_to_world": [
        -0.950620809002107,
        0.22069954586882692,
        -0.21820125560012982,
        -0.07671039625465596,
        -0.31035476070487406,
        -0.6760056793191218,
        0.6683533826024323,
        0.2349649761481105,
        2.7755575615628907e-17,
        0.7030704317361003,
        0.7111202205101567,
        0.25,
        0,
        0,
        0,
        1
      ],
      "fov": 50,
      "aspect": 1.659016393442623
    },
    {
      "camera_to_world": [
        -0.9283682356485421,
        0.264766930619955,
        -0.2608273212086897,
        -0.09153288640207986,
        -0.37166169972007207,
        -0.6613573807117062,
        0.6515166889185099,
        0.2286386364721457,
        2.7755575615628907e-17,
        0.7017869245207118,
        0.7123869121283468,
        0.25,
        0,
        0,
        0,
        1
      ],
      "fov": 50,
      "aspect": 1.659016393442623
    },
    {
      "camera_to_world": [
        -0.9018559060485488,
        0.30830776037369045,
        -0.30265863546033256,
        -0.10603018319469419,
        -0.43203694833353257,
        -0.6435773043164805,
        0.6317850335702649,
        0.22133279873952558,
        2.775557561562892e-17,
        0.7005387771294971,
        0.7136143368360173,
        0.25,
        0,
        0,
        0,
        1
      ],
      "fov": 50,
      "aspect": 1.659016393442623
    },
    {
      "camera_to_world": [
        -0.871089428542084,
        0.35102112172216904,
        -0.343492910534025,
        -0.12014787007379606,
        -0.491124431770835,
        -0.6225933155568244,
        0.6092408029192848,
        0.2131018795089532,
        0,
        0.6994009833628135,
        0.7147295044078769,
        0.25,
        0,
        0,
        0,
        1
      ],
      "fov": 50,
      "aspect": 1.659016393442623
    },
    {
      "camera_to_world": [
        -0.8361299917263778,
        0.3925667325721429,
        -0.3831161669954417,
        -0.13383153048068205,
        -0.5485313454449504,
        -0.5983920911417416,
        0.5839865309434508,
        0.20400029533913175,
        2.775557561562892e-17,
        0.6984398798297855,
        0.7156687322101997,
        0.25,
        0,
        0,
        0,
        1
      ],
      "fov": 50,
      "aspect": 1.659016393442623
    },
    {
      "camera_to_world": [
        -0.7971028643176133,
        0.4325813303545231,
        -0.42130798274583836,
        -0.1470267478566493,
        -0.6038435423987383,
        -0.5710284092898739,
        0.5561470417859106,
        0.1940824627887642,
        5.551115123125784e-17,
        0.6977105047314305,
        0.7163798235485228,
        0.25,
        0,
        0,
        0,
        1
      ],
      "fov": 50,
      "aspect": 1.659016393442623
    },
    {
      "camera_to_world": [
        -0.754201371075097,
        0.470697573488181,
        -0.4578472301770344,
        -0.15967910564299484,
        -0.6566431998189305,
        -0.5406296073490121,
        0.5258700750082754,
        0.18340279841655352,
        8.326672684688674e-17,
        0.6972542018302877,
        0.7168239519087015,
        0.25,
        0,
        0,
        0,
        1
      ],
      "fov": 50,
      "aspect": 1.659016393442623
    },
    {
      "camera_to_world": [
        -0.7076856649687596,
        0.5065639986276191,
        -0.4925179335741209,
        -0.1717341872810153,
        -0.7065274231038203,
        -0.5073944315468455,
        0.493325340153462,
        0.1720157187812031,
        0,
        0.6970966978329843,
        0.716977122278214,
        0.25,
        0,
        0,
        0,
        1
      ],
      "fov": 50,
      "aspect": 1.659016393442623
    },
    {
      "camera_to_world": [
        -0.6578761246056136,
        0.5398642499953645,
        -0.5251148410117941,
        -0.18313757621200782,
        -0.753126154554401,
        -0.471586066228446,
        0.4587020574024936,
        0.1599756404414157,
        2.775557561562892e-17,
        0.6972468527832322,
        0.7168311002487808,
        0.25,
        0,
        0,
        0,
        1
      ],
      "fov": 50,
      "aspect": 1.659016393442623
    },
    {
      "camera_to_world": [
        -0.6051418160583916,
        0.570333728580903,
        -0.5554483058760342,
        -0.19383485587726937,
        -0.7961176938478078,
        -0.4335198061039199,
        0.42220515778240786,
        0.14733697995589448,
        0,
        0.697696220255366,
        0.7163937354844581,
        0.25,
        0,
        0,
        0,
        1
      ],
      "fov": 50,
      "aspect": 1.659016393442623
    },
    {
      "camera_to_world": [
        -0.5498850493265663,
        0.5977720371120077,
        -0.5833481157714323,
        -0.20377160971809677,
        -0.8352403441687428,
        -0.39354649043026857,
        0.38405042291722413,
        0.1341541538833425,
        -5.551115123125783e-17,
        0.6984194667368452,
        0.715688653314429,
        0.25,
        0,
        0,
        0,
        1
      ],
      "fov": 50,
      "aspect": 1.659016393442623
    },
    {
      "camera_to_world": [
        -0.4925235074329537,
        0.6220500875911156,
        -0.6086659865261298,
        -0.2128934211757868,
        -0.8702991408854437,
        -0.3520333142322152,
        0.3444589250472997,
        0.12048157878246314,
        -2.7755575615628914e-17,
        0.6993756030907625,
        0.7147543394771606,
        0.25,
        0,
        0,
        0,
        1
      ],
      "fov": 50,
      "aspect": 1.659016393442623
    },
    {
      "camera_to_world": [
        -0.43347163917148834,
        0.6431113913217912,
        -0.6312765450942502,
        -0.2211458736916367,
        -0.9011672086987981,
        -0.30934386679319165,
        0.30365117164841154,
        0.10637367121195893,
        0,
        0.7005098931703864,
        0.7136426904063503,
        0.25,
        0,
        0,
        0,
        1
      ],
      "fov": 50,
      "aspect": 1.659016393442623
    },
    {
      "camera_to_world": [
        -0.3731229528437575,
        0.6609677286903728,
        -0.6510767417832132,
        -0.22847455070694328,
        -0.9277819043617715,
        -0.2658191860651096,
        0.2618413608628849,
        0.09188484773053324,
        2.775557561562892e-17,
        0.7017562411190742,
        0.7124171376731666,
        0.25,
        0,
        0,
        0,
        1
      ],
      "fov": 50,
      "aspect": 1.659016393442623
    },
    {
      "camera_to_world": [
        -0.3118345616207708,
        0.6756899626310368,
        -0.6679837427501135,
        -0.23482503566300333,
        -0.9501364145104543,
        -0.22176129666303407,
        0.21923211699828127,
        0.07706952489688924,
        0,
        0.703039829385219,
        0.711150475144327,
        0.25,
        0,
        0,
        0,
        1
      ],
      "fov": 50,
      "aspect": 1.659016393442623
    },
    {
      "camera_to_world": [
        -0.24991489513532056,
        0.6873951200810755,
        -0.681931443825716,
        -0.24014291200111398,
        -0.9682678065439859,
        -0.1774202118365991,
        0.17601000892663632,
        0.06198211926972974,
        -6.938893903907227e-17,
        0.7042797862501666,
        0.7099225187859728,
        0.25,
        0,
        0,
        0,
        1
      ],
      "fov": 50,
      "aspect": 1.659016393442623
    },
    {
      "camera_to_world": [
        -0.1876150113946072,
        0.696230982412549,
        -0.6928658070855122,
        -0.24437376316257198,
        -0.9822426418657468,
        -0.13298484318548104,
        0.1323420718574845,
        0.04667704740775812,
        0,
        0.7053917001296441,
        0.7088177123832403,
        0.25,
        0,
        0,
        0,
        1
      ],
      "fov": 50,
      "aspect": 1.659016393442623
    },
    {
      "camera_to_world": [
        -0.1251235145483824,
        0.70235931758708,
        -0.700739249011836,
        -0.2474631725886744,
        -0.992141172468445,
        -0.08857778381845557,
        0.08837346947331085,
        0.031208725869677226,
        -6.93889390390723e-17,
        0.7062898592025953,
        0.7079227604672546,
        0.25,
        0,
        0,
        0,
        1
      ],
      "fov": 50,
      "aspect": 1.659016393442623
    },
    {
      "camera_to_world": [
        -0.06256477569393844,
        0.7059386109834835,
        -0.7055043064114329,
        -0.2493567237207181,
        -0.9980409053953487,
        -0.04425358781499694,
        0.04422636230952285,
        0.015631571214190065,
        -6.93889390390723e-18,
        0.7068891691688381,
        0.7073243262547879,
        0.25,
        0,
        0,
        0,
        1
      ],
      "fov": 50,
      "aspect": 1.659016393442623
    },
    {
      "camera_to_world": [
        -3.925231146709437e-17,
        0.7071067811865476,
        -0.7071067811865476,
        -0.25,
        -1,
        -5.551115123125783e-17,
        0,
        0,
        -3.925231146709437e-17,
        0.7071067811865476,
        0.7071067811865476,
        0.25,
        0,
        0,
        0,
        1
      ],
      "fov": 50,
      "aspect": 1.659016393442623
    },
    {
      "camera_to_world": [
        0.06250220886224897,
        0.705940963099065,
        -0.705507498547042,
        -0.24935800057870372,
        -0.9980448255901836,
        0.04420930642463208,
        -0.0441821608583507,
        -0.015615957754629574,
        -5.204170427930421e-17,
        0.7068895909859034,
        0.7073239046969799,
        0.25,
        0,
        0,
        0,
        1
      ],
      "fov": 50,
      "aspect": 1.659016393442623
    },
    {
      "camera_to_world": [
        0.12499843341630285,
        0.7023689695722567,
        -0.7007518977680162,
        -0.24746817129629628,
        -0.9921569390189591,
        0.08848904585958578,
        -0.08828531655598233,
        -0.03117766203703709,
        -5.551115123125785e-17,
        0.7062913841644016,
        0.7079212390196621,
        0.25,
        0,
        0,
        0,
        1
      ],
      "fov": 50,
      "aspect": 1.659016393442623
    },
    {
      "camera_to_world": [
        0.1874277452174522,
        0.6962533347297596,
        -0.6928940281171365,
        -0.244384765625,
        -0.9822783924747107,
        0.132851535397986,
        -0.13221054882155153,
        -0.046630859375,
        -8.326672684688674e-17,
        0.7053947571538131,
        0.708814670121826,
        0.25,
        0,
        0,
        0,
        1
      ],
      "fov": 50,
      "aspect": 1.659016393442623
    },
    {
      "camera_to_world": [
        0.24966630603781814,
        0.6874360736868083,
        -0.6819812169139967,
        -0.24016203703703703,
        -0.9683319346326602,
        0.1772425539385262,
        -0.17583612098746404,
        -0.061921296296296245,
        -6.938893903907228e-17,
        0.7042845459524252,
        0.7099177968839676,
        0.25,
        0,
        0,
        0,
        1
      ],
      "fov": 50,
      "aspect": 1.659016393442623
    },
    {
      "camera_to_world": [
        0.31152629939077275,
        0.6757558803118584,
        -0.6680608916946388,
        -0.23485423900462962,
        -0.950237530719499,
        0.22154011168734755,
        -0.21901738315865915,
        -0.07699471932870376,
        -2.775557561562892e-17,
        0.7030462069718483,
        0.7111441702372994,
        0.25,
        0,
        0,
        0,
        1
      ],
      "fov": 50,
      "aspect": 1.659016393442623
    },
    {
      "camera_to_world": [
        0.3727576899046712,
        0.6610653110936728,
        -0.6511868849151974,
        -0.228515625,
        -0.9279287174222668,
        0.2655561506102787,
        -0.26158789394029297,
        -0.091796875,
        -8.326672684688677e-17,
        0.7017639099737719,
        0.712409583496968,
        0.25,
        0,
        0,
        0,
        1
      ],
      "fov": 50,
      "aspect": 1.659016393442623
    },
    {
      "camera_to_world": [
        0.43305326442238956,
        0.6432474735754541,
        -0.6314250216074015,
        -0.2212004484953704,
        -0.9013683321334913,
        0.30904171838827227,
        -0.3033617413625388,
        -0.10627350983796291,
        -8.326672684688674e-17,
        0.7005183109915255,
        0.713634427396535,
        0.25,
        0,
        0,
        0,
        1
      ],
      "fov": 50,
      "aspect": 1.659016393442623
    },
    {
      "camera_to_world": [
        0.4920572566679021,
        0.622231369832835,
        -0.608857765456278,
        -0.2129629629629629,
        -0.8705628387201343,
        0.351695991644646,
        -0.34413699786659213,
        -0.12037037037037042,
        -5.551115123125783e-17,
        0.6993840517605778,
        0.7147460724921526,
        0.25,
        0,
        0,
        0,
        1
      ],
      "fov": 50,
      "aspect": 1.659016393442623
    },
    {
      "camera_to_world": [
        0.5493775521120302,
        0.5980047711714624,
        -0.5835876959734162,
        -0.203857421875,
        -0.8355742368188441,
        0.3931791848780033,
        -0.383700173759767,
        -0.134033203125,
        -5.551115123125783e-17,
        0.6984271058849562,
        0.715681198415303,
        0.25,
        0,
        0,
        0,
        1
      ],
      "fov": 50,
      "aspect": 1.659016393442623
    },
    {
      "camera_to_world": [
        0.6046010450334732,
        0.570623391609943,
        -0.5557396164500041,
        -0.19393807870370372,
        -0.7965284529409056,
        0.43312890784268304,
        -0.4218314507555979,
        -0.1472077546296296,
        -8.326672684688677e-17,
        0.6977021528837146,
        0.7163879576468534,
        0.25,
        0,
