{
  "keyframes": [
    {
      "matrix": "[1,0,0,0,0,0.7099999999999997,0.7100000000000001,0,0,-0.7100000000000001,0.7099999999999997,0,0,-2,2,1]",
      "fov": 50,
      "aspect": 1.5912568306010928,
      "properties": "[[\"FOV\",50],[\"NAME\",\"Camera 1\"],[\"TIME\",0]]"
    },
    {
      "matrix": "[0,1,0,0,-0.71,0,0.71,0,0.71,0,0.7099999999999999,0,2,0,2,1]",
      "fov": 50,
      "aspect": 1.5912568306010928,
      "properties": "[[\"FOV\",50],[\"NAME\",\"Camera 2\"],[\"TIME\",0.334]]"
    },
    {
      "matrix": "[-1,0,0,0,0,-0.7099999999999999,0.71,0,0,0.71,0.7099999999999999,0,0,2,2,1]",
      "fov": 50,
      "aspect": 1.5912568306010928,
      "properties": "[[\"FOV\",50],[\"NAME\",\"Camera 3\"],[\"TIME\",0.667]]"
    },
    {
      "matrix": "[0,-1,0,0,0.71,0,0.71,0,-0.71,0,0.7099999999999999,0,-2,0,2,1]",
      "fov": 50,
      "aspect": 1.5912568306010928,
      "properties": "[[\"FOV\",50],[\"NAME\",\"Camera 4\"],[\"TIME\",1]]"
    }
  ],
  "camera_type": "perspective",
  "render_height": 1080,
  "render_width": 1920,
  "camera_path": [
    {
      "camera_to_world": [
        1,
        0,
        0,
        0,
        0,
        0.7071067811865475,
        -0.7071067811865477,
        -2,
        0,
        0.7071067811865477,
        0.7071067811865475,
        2,
        0,
        0,
        0,
        1
      ],
      "fov": 50,
      "aspect": 1.5912568306010928
    },
    {
      "camera_to_world": [
        0.9980526307517622,
        -0.04412100902829709,
        0.04409402240453664,
        0.12467859333646943,
        0.06237744984757595,
        0.705945646058267,
        -0.7055138542664412,
        -1.9948843433317776,
        1.3877787807814457e-17,
        0.7068904309535539,
        0.7073230652440927,
        2,
        0,
        0,
        0,
        1
      ],
      "fov": 50,
      "aspect": 1.5912568306010928
    },
    {
      "camera_to_world": [
        0.9921883299846346,
        -0.08831210236371552,
        0.08810953647819564,
        0.24892575267977943,
        0.12474901940416946,
        0.7023881853355746,
        -0.7007770824297102,
        -1.9798249959892165,
        2.7755575615628907e-17,
        0.7062944213832495,
        0.707918208780436,
        2,
        0,
        0,
        0,
        1
      ],
      "fov": 50,
      "aspect": 1.5912568306010928
    },
    {
      "camera_to_world": [
        0.982349570120474,
        -0.1325857189964555,
        0.13194828230148686,
        0.3723100440367706,
        0.18705432923116194,
        0.6962978328040963,
        -0.6929502189538573,
        -1.9552533919654764,
        4.163336342344337e-17,
        0.7054008471433185,
        0.7088086094634352,
        2,
        0,
        0,
        0,
        1
      ],
      "fov": 50,
      "aspect": 1.5912568306010928
    },
    {
      "camera_to_world": [
        0.9684596082540654,
        -0.17688829776465614,
        0.1754893651886195,
        0.4944000334142834,
        0.2491705985472249,
        0.6875175986119381,
        -0.6820803210901863,
        -1.9216009652537165,
        4.163336342344337e-17,
        0.70429403072353,
        0.7099083872495123,
        2,
        0,
        0,
        0,
        1
      ],
      "fov": 50,
      "aspect": 1.5912568306010928
    },
    {
      "camera_to_world": [
        0.9504388423392043,
        -0.22109904555612708,
        0.21858915578564989,
        0.6147642868191585,
        0.3109115742022376,
        0.675887095679425,
        -0.6682145066676707,
        -1.8792991498470963,
        2.7755575615628914e-17,
        0.703058920680338,
        0.7111316010780271,
        2,
        0,
        0,
        0,
        1
      ],
      "fov": 50,
      "aspect": 1.5912568306010928
    },
    {
      "camera_to_world": [
        0.9282210062364591,
        -0.26503159817332267,
        0.2610823922654875,
        0.7329713702582366,
        0.3720292509754784,
        0.6612595544459314,
        -0.6514062005174597,
        -1.8287793797387755,
        5.551115123125783e-17,
        0.7017792057504003,
        0.7123945159645303,
        2,
        0,
        0,
        0,
        1
      ],
      "fov": 50,
      "aspect": 1.5912568306010928
    },
    {
      "camera_to_world": [
        0.9017687518118322,
        -0.3084391096073246,
        0.3027844677660516,
        0.8485898497383579,
        0.43221883144505685,
        0.6435183537714666,
        -0.6317206741143834,
        -1.7704730889219131,
        5.551115123125785e-17,
        0.700535112627413,
        0.713617934174932,
        2,
        0,
        0,
        0,
        1
      ],
      "fov": 50,
      "aspect": 1.5912568306010928
    },
    {
      "camera_to_world": [
        0.8710878535297943,
        -0.35102314273696616,
        0.3434948394021653,
        0.9611882912663632,
        0.4911272253020147,
        0.6225922331184031,
        -0.609239657136487,
        -1.7048117113896688,
        8.326672684688677e-17,
        0.6994009326013968,
        0.7147295540806301,
        2,
        0,
        0,
        0,
        1
      ],
      "fov": 50,
      "aspect": 1.5912568306010928
    },
    {
      "camera_to_world": [
        0.8362390383173208,
        -0.39244640203517556,
        0.38300142600748627,
        1.0703352608490933,
        0.5483650889636599,
        0.5984680798137683,
        -0.5840647966192607,
        -1.6322266811352015,
        8.326672684688677e-17,
        0.6984423948856959,
        0.7156662776925663,
        2,
        0,
        0,
        0,
        1
      ],
      "fov": 50,
      "aspect": 1.5912568306010928
    },
    {
      "camera_to_world": [
        0.7973463540225126,
        -0.43234888380095404,
        0.4210857803382528,
        1.175599324493388,
        0.6035219894312105,
        0.571200075890004,
        -0.5563197655811338,
        -1.5531494321516717,
        8.326672684688674e-17,
        0.6977140646277118,
        0.7163763564081922,
        2,
        0,
        0,
        0,
        1
      ],
      "fov": 50,
      "aspect": 1.5912568306010928
    },
    {
      "camera_to_world": [
        0.754601094077566,
        -0.4703664955132381,
        0.4575287408628394,
        1.2765490482060888,
        0.6561838071889158,
        0.5409140979145387,
        -0.5261508812692046,
        -1.468011398432238,
        1.1102230246251563e-16,
        0.6972569817333463,
        0.7168212478882753,
        2,
        0,
        0,
        0,
        1
      ],
      "fov": 50,
      "aspect": 1.5912568306010928
    },
    {
      "camera_to_world": [
        0.7082606117366205,
        -0.5061507174317847,
        0.49211620284822755,
        1.3727529979940358,
        0.705951064778904,
        0.5078066096145618,
        -0.4937261805589164,
        -1.3772440139700601,
        2.775557561562892e-17,
        0.6970967640687006,
        0.7169770578790833,
        2,
        0,
        0,
        0,
        1
      ],
      "fov": 50,
      "aspect": 1.5912568306010928
    },
    {
      "camera_to_world": [
        0.6586418537640286,
        -0.53938756025887,
        0.5246446114354628,
        1.4637797398640695,
        0.752456582448638,
        0.47213783608625515,
        -0.4592330075958222,
        -1.2812787127582972,
        8.326672684688674e-17,
        0.6972423707533645,
        0.7168354597996863,
        2,
        0,
        0,
        0,
        1
      ],
      "fov": 50,
      "aspect": 1.5912568306010928
    },
    {
      "camera_to_world": [
        0.6061100390928574,
        -0.5698140040277128,
        0.5549257800145536,
        1.549197839823031,
        0.7953808022015962,
        0.4342196684920206,
        -0.42287428271748206,
        -1.1805469287901087,
        5.5511151231257815e-17,
        0.6976856600995792,
        0.7164040198738519,
        2,
        0,
        0,
        0,
        1
      ],
      "fov": 50,
      "aspect": 1.5912568306010928
    },
    {
      "camera_to_world": [
        0.5510634860247718,
        -0.5972303236163304,
        0.582790678480155,
        1.62857586387776,
        0.8344633211653021,
        0.3943993890973221,
        -0.38486372589454715,
        -1.0754800960586546,
        1.1102230246251565e-16,
        0.6984017915446611,
        0.715705901587522,
        2,
        0,
        0,
        0,
        1
      ],
      "fov": 50,
      "aspect": 1.5912568306010928
    },
    {
      "camera_to_world": [
        0.49391603117785243,
        -0.6215071831470416,
        0.6080919136464062,
        1.7014823780350976,
        0.8695096055510365,
        0.3530407936712499,
        -0.3454203871494199,
        -0.9665096485570941,
        8.326672684688677e-17,
        0.6993504266822205,
        0.7147789733193025,
        2,
        0,
        0,
        0,
        1
      ],
      "fov": 50,
      "aspect": 1.5912568306010928
    },
    {
      "camera_to_world": [
        0.43507869523008985,
        -0.6425870180427632,
        0.6307047274278131,
        1.7674859483018845,
        0.9003924305306452,
        0.3105045221416086,
        -0.3047628795846512,
        -0.854067020278586,
        8.326672684688677e-17,
        0.7004775984801518,
        0.7136743893593767,
        2,
        0,
        0,
        0,
        1
      ],
      "fov": 50,
      "aspect": 1.5912568306010928
    },
    {
      "camera_to_world": [
        0.37494220258945443,
        -0.6604798858710835,
        0.6505264522500902,
        1.826155140684961,
        0.9270481889941691,
        0.26712935326827236,
        -0.26310371321041065,
        -0.7385836452162904,
        5.551115123125784e-17,
        0.7017180551918233,
        0.712454750154566,
        2,
        0,
        0,
        0,
        1
      ],
      "fov": 50,
      "aspect": 1.5912568306010928
    },
    {
      "camera_to_world": [
        0.31386168609564624,
        -0.6752545239256412,
        0.6674744713613799,
        1.8770585211911675,
        0.9494687156516524,
        0.22321591004455102,
        -0.22064409237907293,
        -0.6204909573633668,
        5.551115123125784e-17,
        0.7029978559148943,
        0.7111919674596033,
        2,
        0,
        0,
        0,
        1
      ],
      "fov": 50,
      "aspect": 1.5912568306010928
    },
    {
      "camera_to_world": [
        0.2521444842646504,
        -0.6870257088843345,
        0.6814828203167643,
        1.9197646558273447,
        0.9676895985050751,
        0.1790137491513894,
        -0.1775694753043157,
        -0.500220390712974,
        1.804112415015879e-16,
        0.7042370005521873,
        0.7099649618490047,
        2,
        0,
        0,
        0,
        1
      ],
      "fov": 50,
      "aspect": 1.5912568306010928
    },
    {
      "camera_to_world": [
        0.1900414691129389,
        -0.6959391341371801,
        0.6924976256954155,
        1.953842110600334,
        0.9817760640886475,
        0.1347122834853247,
        -0.13404611393387575,
        -0.3782033792582721,
        1.9428902930940244e-16,
        0.7053519137668525,
        0.7088573042195718,
        2,
        0,
        0,
        0,
        1
      ],
      "fov": 50,
      "aspect": 1.5912568306010928
    },
    {
      "camera_to_world": [
        0.1277419214186371,
        -0.7021549204720963,
        0.7004716048271328,
        1.9788594515169748,
        0.9918074417508043,
        0.09043551691477625,
        -0.09021871074274156,
        -0.2548713569924207,
        1.2490009027033014e-16,
        0.7062576618608689,
        0.7079548820813503,
        2,
        0,
        0,
        0,
        1
      ],
      "fov": 50,
      "aspect": 1.5912568306010928
    },
    {
      "camera_to_world": [
        0.06537166459791258,
        -0.7058306106756104,
        0.7053578485428463,
        1.994385244584108,
        0.9978609850413523,
        0.046240230488732444,
        -0.046209258992661574,
        -0.13065575790857753,
        1.1796119636642288e-16,
        0.7068698537338001,
        0.7073436292795434,
        2,
        0,
        0,
        0,
        1
      ],
      "fov": 50,
      "aspect": 1.5912568306010928
    },
    {
      "camera_to_world": [
        0.002994012461141878,
        -0.7071041386932244,
        0.7071030850818683,
        1.9999880558085747,
        0.9999955179346468,
        0.0021170880914995827,
        -0.0021170849369601358,
        -0.00598801599990495,
        1.5655879370690684e-16,
        0.7071062543783119,
        0.7071073079943907,
        2,
        0,
        0,
        0,
        1
      ],
      "fov": 50,
      "aspect": 1.5912568306010928
    },
    {
      "camera_to_world": [
        -0.05956156714448351,
        -0.7060487985973685,
        0.7056539617393965,
        1.9953328127313852,
        0.9982246338972474,
        -0.0421281658425471,
        0.04210460691479811,
        0.11905651820782939,
        2.4286128663675305e-17,
        0.7069089839872991,
        0.7073045230719541,
        2,
        0,
        0,
        0,
        1
      ],
      "fov": 50,
      "aspect": 1.5912568306010928
    },
    {
      "camera_to_world": [
        -0.12212150066603629,
        -0.7025881557845433,
        0.7010393872146912,
        1.98065456274223,
        0.992515158108467,
        -0.0864481708250289,
        0.08625760653954714,
        0.24370459788653331,
        2.0816681711721685e-17,
        0.706326126596122,
        0.7078865748746185,
        2,
        0,
        0,
        0,
        1
      ],
      "fov": 50,
      "aspect": 1.5912568306010928
    },
    {
      "camera_to_world": [
        -0.18461855429299912,
        -0.696585698673393,
        0.6933140369374213,
        1.9563885504420635,
        0.982810250969516,
        -0.13085195693003554,
        0.13023738310031102,
        0.3675029085845308,
        2.7755575615628914e-17,
        0.7054403800260384,
        0.7087692644498057,
        2,
        0,
        0,
        0,
        1
      ],
      "fov": 50,
      "aspect": 1.5912568306010928
    },
    {
      "camera_to_world": [
        -0.24693143401596188,
        -0.6878835350529195,
        0.6825255373229043,
        1.9229701083005095,
        0.9690329544937162,
        -0.17528822622480594,
        0.1739228876604243,
        0.4900161178321964,
        2.775557561562892e-17,
        0.7043367660076107,
        0.7098659873877181,
        2,
        0,
        0,
        0,
        1
      ],
      "fov": 50,
      "aspect": 1.5912568306010928
    },
    {
      "camera_to_world": [
        -0.3088746028312563,
        -0.6763196585792863,
        0.6687213165026454,
        1.8808345687871935,
        0.951102770328125,
        -0.21963763795849248,
        0.21717004458760067,
        0.6108088931599052,
        2.775557561562892e-17,
        0.7031010079719783,
        0.7110899890933552,
        2,
        0,
        0,
        0,
        1
      ],
      "fov": 50,
      "aspect": 1.5912568306010928
    },
    {
      "camera_to_world": [
        -0.3701999123137497,
        -0.661745226615399,
        0.6519549677505543,
        1.8304172643717396,
        0.9289521112107406,
        -0.2637143744124478,
        0.2598128245590645,
        0.7294459020980336,
        -2.7755575615628914e-17,
        0.7018176285759611,
        0.7123566636313683,
        2,
        0,
        0,
        0,
        1
      ],
      "fov": 50,
      "aspect": 1.5912568306010928
    },
    {
      "camera_to_world": [
        -0.4306015175257152,
        -0.6440413690125427,
        0.6322919010275246,
        1.7721535275237719,
        0.9025421503201674,
        -0.30727117924383013,
        0.3016655255436967,
        0.8454918121769566,
        2.775557561562892e-17,
        0.7005677250677166,
        0.7135859181580338,
        2,
        0,
        0,
        0,
        1
      ],
      "fov": 50,
      "aspect": 1.5912568306010928
    },
    {
      "camera_to_world": [
        -0.4897243891394233,
        -0.6231346870965286,
        0.6098140572495275,
        1.706478690712916,
        0.8718772979508178,
        -0.35000825770686295,
        0.3425261987862935,
        0.9585112909270489,
        -2.775557561562892e-17,
        0.6994264659520095,
        0.7147045674443968,
        2,
        0,
        0,
        0,
        1
      ],
      "fov": 50,
      "aspect": 1.5912568306010928
    },
    {
      "camera_to_world": [
        -0.5471764351891555,
        -0.5990103200786991,
        0.584623455920905,
        1.6338280864087953,
        0.8370172929956035,
        -0.39158609305327596,
        0.3821810865984646,
        1.0680690058786872,
        -2.7755575615628914e-17,
        0.6984604270583163,
        0.7156486790552431,
        2,
        0,
        0,
        0,
        1
      ],
      "fov": 50,
      "aspect": 1.5912568306010928
    },
    {
      "camera_to_world": [
        -0.6025438207957946,
        -0.5717213383060757,
        0.5568443726449206,
        1.5546370470810351,
        0.7980857999117672,
        -0.43164176038655605,
        0.4204098555809433,
        1.1737296245622464,
        0,
        0.6977249472506374,
        0.7163657571269689,
        2,
        0,
        0,
        0,
        1
      ],
      "fov": 50,
      "aspect": 1.5912568306010928
    },
    {
      "camera_to_world": [
        -0.6554085941514307,
        -0.5413933278251067,
        0.5266240018256876,
        1.4693409051992605,
        0.7552745028878212,
        -0.469807783151817,
        0.4569913261513067,
        1.275057814508101,
        2.7755575615628914e-17,
        0.697261723799917,
        0.7168166352168233,
        2,
        0,
        0,
        0,
        1
      ],
      "fov": 50,
      "aspect": 1.5912568306010928
    },
    {
      "camera_to_world": [
        -0.7053672864505175,
        -0.5082233797814192,
        0.4941315487286609,
        1.3783749932330949,
        0.7088420072240595,
        -0.5057320850819954,
        0.4917093317328681,
        1.3716182432466282,
        0,
        0.6970968758803676,
        0.7169769491677059,
        2,
        0,
        0,
        0,
        1
      ],
      "fov": 50,
      "aspect": 1.5912568306010928
    },
    {
      "camera_to_world": [
        -0.7520488573804351,
        -0.47247325669912343,
        0.45955580489958603,
        1.2821746436521633,
        0.6591073631152835,
        -0.5390972590018535,
        0.5243583023314368,
        1.4629755783082021,
        -1.3877787807814457e-16,
        0.6972396768979896,
        0.7168380800147179,
        2,
        0,
        0,
        0,
        1
      ],
      "fov": 50,
      "aspect": 1.5912568306010928
    },
    {
      "camera_to_world": [
        -0.7951302916616505,
        -0.4344571825998243,
        0.42310137765018185,
        1.181175188926091,
        0.6064386360400027,
        -0.5696372984591802,
        0.5547481671191606,
        1.5486944872231982,
        -5.551115123125783e-17,
        0.6976820942890464,
        0.7164074924988224,
        2,
        0,
        0,
        0,
        1
      ],
      "fov": 50,
      "aspect": 1.5912568306010928
    },
    {
      "camera_to_world": [
        -0.834348352531135,
        -0.3945253615085536,
        0.3849838512913577,
        1.0758119615245014,
        0.5512375410189161,
        -0.5971501592543319,
        0.5827082122932067,
        1.6283396375219927,
        -8.326672684688677e-17,
        0.6983991884510398,
        0.7157084417351307,
        2,
        0,
        0,
        0,
        1
      ],
      "fov": 50,
      "aspect": 1.5912568306010928
    },
    {
      "camera_to_world": [
        -0.8695064362581832,
        -0.35304483030827294,
        0.3454242393032035,
        0.9665202939170195,
        0.4939216104865165,
        -0.6215050034728162,
        0.6080896096404382,
        1.7014756967349607,
        -5.551115123125784e-17,
        0.6993503259818054,
        0.7147790718460793,
        2,
        0,
        0,
        0,
        1
      ],
      "fov": 50,
      "aspect": 1.5912568306010928
    },
    {
      "camera_to_world": [
        -0.9004760587056033,
        -0.3103794940126053,
        0.3046431312117542,
        0.8537355185732707,
        0.43490558480895936,
        -0.6426436294081651,
        0.6307664368711117,
        1.7676673323924768,
        0,
        0.7004810741751558,
        0.7136709779179898,
        2,
        0,
        0,
        0,
        1
      ],
      "fov": 50,
      "aspect": 1.5912568306010928
    },
    {
      "camera_to_world": [
        -0.9271931170875922,
        -0.26687113690267317,
        0.26285494082034927,
        0.7378929679628783,
        0.37458366705636625,
        -0.6605762691950604,
        0.6506351273570622,
        1.8264792120249178,
        -2.7755575615628914e-17,
        0.7017255794572476,
        0.7124473392015652,
        2,
        0,
        0,
        0,
        1
      ],
      "fov": 50,
      "aspect": 1.5912568306010928
    },
    {
      "camera_to_world": [
        -0.9496495860790659,
        -0.222822887292998,
        0.22026262633109334,
        0.6194279745554674,
        0.31331400169775203,
        -0.6753725066231412,
        0.6676123977561503,
        1.877476003162658,
        -2.7755575615628914e-17,
        0.7030092020706321,
        0.7111807518514638,
        2,
        0,
        0,
        0,
        1
      ],
      "fov": 50,
      "aspect": 1.5912568306010928
    },
    {
      "camera_to_world": [
        -0.9678816408500382,
        -0.1784861290640527,
        0.17705318702911862,
        0.49877587082066355,
        0.2514063032333075,
        -0.6871484336141331,
        0.6816317927416572,
        1.9202223733360733,
        -2.7755575615628914e-17,
        0.7042511852410145,
        0.7099508913203972,
        2,
        0,
        0,
        0,
        1
      ],
      "fov": 50,
      "aspect": 1.5912568306010928
    },
    {
      "camera_to_world": [
        -0.9819553161566787,
        -0.1340513163034196,
        0.13339415905112773,
        0.37637198922808945,
        0.18911308011778827,
        -0.6960512863518306,
        0.6926390471929263,
        1.9542829900755394,
        -1.3877787807814457e-17,
        0.7053671748566718,
        0.7088421182708583,
        2,
        0,
        0,
        0,
        1
      ],
      "fov": 50,
      "aspect": 1.5912568306010928
    },
    {
      "camera_to_world": [
        -0.9919507265754981,
        -0.08964266687571595,
        0.08943124913446718,
        0.25265166224737035,
        0.12662446859253437,
        -0.7022426986499073,
        0.7005864944077596,
        1.979222520911431,
        -1.387778780781446e-17,
        0.7062714665539767,
        0.707941110214469,
        2,
        0,
        0,
        0,
        1
      ],
      "fov": 50,
      "aspect": 1.5912568306010928
    },
    {
      "camera_to_world": [
        -0.9979456393245623,
        -0.045316364054645314,
        0.04528717370247019,
        0.12805022234813246,
        0.06406637927252375,
        -0.7058814375322848,
        0.7054267468662243,
        1.9946056333741242,
        0,
        0.7068789311446635,
        0.7073345578322736,
        2,
        0,
        0,
        0,
        1
      ],
      "fov": 50,
      "aspect": 1.5912568306010928
    },
    {
      "camera_to_world": [
        -0.9999988727458923,
        -0.0010617221366733159,
        0.0010617217382628082,
        0.003003001999998034,
        0.0015015015634363988,
        -0.7071061167680553,
        0.7071058514269674,
        1.9999969949939942,
        -1.0842021724855044e-19,
        0.7071066485158415,
        0.7071069138572287,
        2,
        0,
        0,
        0,
        1
      ],
      "fov": 50,
      "aspect": 1.5912568306010928
    },
    {
      "camera_to_world": [
        -0.9981339033839537,
        0.04319085528858663,
        -0.043165506309469893,
        -0.12205466632740752,
        -0.061063171515345634,
        -0.7059943974389623,
        0.705580044976673,
        1.9950961848908437,
        6.93889390390723e-18,
        0.7068991871577139,
        0.7073143142873353,
        2,
        0,
        0,
        0,
        1
      ],
      "fov": 50,
      "aspect": 1.5912568306010928
    },
    {
      "camera_to_world": [
        -0.9923293159821343,
        0.08751295171075536,
        -0.0873155881002972,
        -0.24668745016446006,
        -0.12362252481821331,
        -0.7024744692636873,
        0.7008902135072732,
        1.9801827299923402,
        1.387778780781446e-17,
        0.7063080796051903,
        0.7079045816241255,
        2,
        0,
        0,
        0,
        1
      ],
      "fov": 50,
      "aspect": 1.5912568306010928
    },
    {
      "camera_to_world": [
        -0.9825276197542687,
        0.1319183896565356,
        -0.13128981259198208,
        -0.3704600170415331,
        -0.18611683540188226,
        -0.6964091190954197,
        0.6930908038783449,
        1.9556919607620962,
        1.3877787807814457e-17,
        0.7054161022482887,
        0.7087934273741765,
        2,
        0,
        0,
        0,
        1
      ],
      "fov": 50,
      "aspect": 1.5912568306010928
    },
    {
      "camera_to_world": [
        -0.9686515774007951,
        0.1763542435056513,
        -0.17496657508364583,
        -0.49293703448900344,
        -0.24842327104953682,
        -0.687640153160247,
        0.6822293589129689,
        1.922059209669736,
        2.7755575615628914e-17,
        0.7043083135667941,
        0.709894217077938,
        2,
        0,
        0,
        0,
        1
      ],
      "fov": 50,
      "aspect": 1.5912568306010928
    },
    {
      "camera_to_world": [
        -0.950620809002107,
        0.22069954586882692,
        -0.21820125560012982,
        -0.6136831700372477,
        -0.31035476070487406,
        -0.6760056793191218,
        0.6683533826024323,
        1.879719809184884,
        2.7755575615628907e-17,
        0.7030704317361003,
        0.7111202205101567,
        2,
        0,
        0,
        0,
        1
      ],
      "fov": 50,
      "aspect": 1.5912568306010928
    },
    {
      "camera_to_world": [
        -0.9283682356485421,
        0.264766930619955,
        -0.2608273212086897,
        -0.7322630912166389,
        -0.37166169972007207,
        -0.6613573807117062,
        0.6515166889185099,
        1.8291090917771655,
        2.7755575615628907e-17,
        0.7017869245207118,
        0.7123869121283468,
        2,
        0,
        0,
        0,
        1
      ],
      "fov": 50,
      "aspect": 1.5912568306010928
    },
    {
      "camera_to_world": [
        -0.9018559060485488,
        0.30830776037369045,
        -0.30265863546033256,
        -0.8482414655575535,
        -0.43203694833353257,
        -0.6435773043164805,
        0.6317850335702649,
        1.7706623899162046,
        2.775557561562892e-17,
        0.7005387771294971,
        0.7136143368360173,
        2,
        0,
        0,
        0,
        1
      ],
      "fov": 50,
      "aspect": 1.5912568306010928
    },
    {
      "camera_to_world": [
        -0.871089428542084,
        0.35102112172216904,
        -0.343492910534025,
        -0.9611829605903685,
        -0.491124431770835,
        -0.6225933155568244,
        0.6092408029192848,
        1.7048150360716257,
        0,
        0.6994009833628135,
        0.7147295044078769,
        2,
        0,
        0,
        0,
        1
      ],
      "fov": 50,
      "aspect": 1.5912568306010928
    },
    {
      "camera_to_world": [
        -0.8361299917263778,
        0.3925667325721429,
        -0.3831161669954417,
        -1.0706522438454564,
        -0.5485313454449504,
        -0.5983920911417416,
        0.5839865309434508,
        1.632002362713054,
        2.775557561562892e-17,
        0.6984398798297855,
        0.7156687322101997,
        2,
        0,
        0,
        0,
        1
      ],
      "fov": 50,
      "aspect": 1.5912568306010928
    },
    {
      "camera_to_world": [
        -0.7971028643176133,
        0.4325813303545231,
        -0.42130798274583836,
        -1.1762139828531943,
        -0.6038435423987383,
        -0.5710284092898739,
        0.5561470417859106,
        1.5526597023101136,
        5.551115123125784e-17,
        0.6977105047314305,
        0.7163798235485228,
        2,
        0,
        0,
        0,
        1
      ],
      "fov": 50,
      "aspect": 1.5912568306010928
    },
    {
      "camera_to_world": [
        -0.754201371075097,
        0.470697573488181,
        -0.4578472301770344,
        -1.2774328451439587,
        -0.6566431998189305,
        -0.5406296073490121,
        0.5258700750082754,
        1.4672223873324282,
        8.326672684688674e-17,
        0.6972542018302877,
        0.7168239519087015,
        2,
        0,
        0,
        0,
        1
      ],
      "fov": 50,
      "aspect": 1.5912568306010928
    },
    {
      "camera_to_world": [
        -0.7076856649687596,
        0.5065639986276191,
        -0.4925179335741209,
        -1.3738734982481224,
        -0.7065274231038203,
        -0.5073944315468455,
        0.493325340153462,
        1.3761257502496247,
        0,
        0.6970966978329843,
        0.716977122278214,
        2,
        0,
        0,
        0,
        1
      ],
      "fov": 50,
      "aspect": 1.5912568306010928
    },
    {
      "camera_to_world": [
        -0.6578761246056136,
        0.5398642499953645,
        -0.5251148410117941,
        -1.4651006096960626,
        -0.753126154554401,
        -0.471586066228446,
        0.4587020574024936,
        1.2798051235313257,
        2.775557561562892e-17,
        0.6972468527832322,
        0.7168311002487808,
        2,
        0,
        0,
        0,
        1
      ],
      "fov": 50,
      "aspect": 1.5912568306010928
    },
    {
      "camera_to_world": [
        -0.6051418160583916,
        0.570333728580903,
        -0.5554483058760342,
        -1.550678847018155,
        -0.7961176938478078,
        -0.4335198061039199,
        0.42220515778240786,
        1.1786958396471559,
        0,
        0.697696220255366,
        0.7163937354844581,
        2,
        0,
        0,
        0,
        1
      ],
      "fov": 50,
      "aspect": 1.5912568306010928
    },
    {
      "camera_to_world": [
        -0.5498850493265663,
        0.5977720371120077,
        -0.5833481157714323,
        -1.6301728777447742,
        -0.8352403441687428,
        -0.39354649043026857,
        0.38405042291722413,
        1.07323323106674,
        -5.551115123125783e-17,
        0.6984194667368452,
        0.715688653314429,
        2,
        0,
        0,
        0,
        1
      ],
      "fov": 50,
      "aspect": 1.5912568306010928
    },
    {
      "camera_to_world": [
        -0.4925235074329537,
        0.6220500875911156,
        -0.6086659865261298,
        -1.7031473694062944,
        -0.8702991408854437,
        -0.3520333142322152,
        0.3444589250472997,
        0.9638526302597051,
        -2.7755575615628914e-17,
        0.6993756030907625,
        0.7147543394771606,
        2,
        0,
        0,
        0,
        1
      ],
      "fov": 50,
      "aspect": 1.5912568306010928
    },
    {
      "camera_to_world": [
        -0.43347163917148834,
        0.6431113913217912,
        -0.6312765450942502,
        -1.7691669895330937,
        -0.9011672086987981,
        -0.30934386679319165,
        0.30365117164841154,
        0.8509893696956714,
        0,
        0.7005098931703864,
        0.7136426904063503,
        2,
        0,
        0,
        0,
        1
      ],
      "fov": 50,
      "aspect": 1.5912568306010928
    },
    {
      "camera_to_world": [
        -0.3731229528437575,
        0.6609677286903728,
        -0.6510767417832132,
        -1.8277964056555462,
        -0.9277819043617715,
        -0.2658191860651096,
        0.2618413608628849,
        0.7350787818442659,
        2.775557561562892e-17,
        0.7017562411190742,
        0.7124171376731666,
        2,
        0,
        0,
        0,
        1
      ],
      "fov": 50,
      "aspect": 1.5912568306010928
    },
    {
      "camera_to_world": [
        -0.3118345616207708,
        0.6756899626310368,
        -0.6679837427501135,
        -1.8786002853040267,
        -0.9501364145104543,
        -0.22176129666303407,
        0.21923211699828127,
        0.616556199175114,
        0,
        0.703039829385219,
        0.711150475144327,
        2,
        0,
        0,
        0,
        1
      ],
      "fov": 50,
      "aspect": 1.5912568306010928
    },
    {
      "camera_to_world": [
        -0.24991489513532056,
        0.6873951200810755,
        -0.681931443825716,
        -1.9211432960089119,
        -0.9682678065439859,
        -0.1774202118365991,
        0.17601000892663632,
        0.4958569541578379,
        -6.938893903907227e-17,
        0.7042797862501666,
        0.7099225187859728,
        2,
        0,
        0,
        0,
        1
      ],
      "fov": 50,
      "aspect": 1.5912568306010928
    },
    {
      "camera_to_world": [
        -0.1876150113946072,
        0.696230982412549,
        -0.6928658070855122,
        -1.9549901053005758,
        -0.9822426418657468,
        -0.13298484318548104,
        0.1323420718574845,
        0.37341637926206495,
        0,
        0.7053917001296441,
        0.7088177123832403,
        2,
        0,
        0,
        0,
        1
      ],
      "fov": 50,
      "aspect": 1.5912568306010928
    },
    {
      "camera_to_world": [
        -0.1251235145483824,
        0.70235931758708,
        -0.700739249011836,
        -1.9797053807093952,
        -0.992141172468445,
        -0.08857778381845557,
        0.08837346947331085,
        0.2496698069574178,
        -6.93889390390723e-17,
        0.7062898592025953,
        0.7079227604672546,
        2,
        0,
        0,
        0,
        1
      ],
      "fov": 50,
      "aspect": 1.5912568306010928
    },
    {
      "camera_to_world": [
        -0.06256477569393844,
        0.7059386109834835,
        -0.7055043064114329,
        -1.9948537897657448,
        -0.9980409053953487,
        -0.04425358781499694,
        0.04422636230952285,
        0.12505256971352052,
        -6.93889390390723e-18,
        0.7068891691688381,
        0.7073243262547879,
        2,
        0,
        0,
        0,
        1
      ],
      "fov": 50,
      "aspect": 1.5912568306010928
    },
    {
      "camera_to_world": [
        -3.925231146709437e-17,
        0.7071067811865476,
        -0.7071067811865476,
        -2,
        -1,
        -5.551115123125783e-17,
        0,
        0,
        -3.925231146709437e-17,
        0.7071067811865476,
        0.7071067811865476,
        2,
        0,
        0,
        0,
        1
      ],
      "fov": 50,
      "aspect": 1.5912568306010928
    },
    {
      "camera_to_world": [
        0.06250220886224897,
        0.705940963099065,
        -0.705507498547042,
        -1.9948640046296298,
        -0.9980448255901836,
        0.04420930642463208,
        -0.0441821608583507,
        -0.12492766203703659,
        -5.204170427930421e-17,
        0.7068895909859034,
        0.7073239046969799,
        2,
        0,
        0,
        0,
        1
      ],
      "fov": 50,
      "aspect": 1.5912568306010928
    },
    {
      "camera_to_world": [
        0.12499843341630285,
        0.7023689695722567,
        -0.7007518977680162,
        -1.9797453703703702,
        -0.9921569390189591,
        0.08848904585958578,
        -0.08828531655598233,
        -0.24942129629629672,
        -5.551115123125785e-17,
        0.7062913841644016,
        0.7079212390196621,
        2,
        0,
        0,
        0,
        1
      ],
      "fov": 50,
      "aspect": 1.5912568306010928
    },
    {
      "camera_to_world": [
        0.1874277452174522,
        0.6962533347297596,
        -0.6928940281171365,
        -1.955078125,
        -0.9822783924747107,
        0.132851535397986,
        -0.13221054882155153,
        -0.373046875,
        -8.326672684688674e-17,
        0.7053947571538131,
        0.708814670121826,
        2,
        0,
        0,
        0,
        1
      ],
      "fov": 50,
      "aspect": 1.5912568306010928
    },
    {
      "camera_to_world": [
        0.24966630603781814,
        0.6874360736868083,
        -0.6819812169139967,
        -1.9212962962962963,
        -0.9683319346326602,
        0.1772425539385262,
        -0.17583612098746404,
        -0.49537037037036996,
        -6.938893903907228e-17,
        0.7042845459524252,
        0.7099177968839676,
        2,
        0,
        0,
        0,
        1
      ],
      "fov": 50,
      "aspect": 1.5912568306010928
    },
    {
      "camera_to_world": [
        0.31152629939077275,
        0.6757558803118584,
        -0.6680608916946388,
        -1.878833912037037,
        -0.950237530719499,
        0.22154011168734755,
        -0.21901738315865915,
        -0.6159577546296301,
        -2.775557561562892e-17,
        0.7030462069718483,
        0.7111441702372994,
        2,
        0,
        0,
        0,
        1
      ],
      "fov": 50,
      "aspect": 1.5912568306010928
    },
    {
      "camera_to_world": [
        0.3727576899046712,
        0.6610653110936728,
        -0.6511868849151974,
        -1.828125,
        -0.9279287174222668,
        0.2655561506102787,
        -0.26158789394029297,
        -0.734375,
        -8.326672684688677e-17,
        0.7017639099737719,
        0.712409583496968,
        2,
        0,
        0,
        0,
        1
      ],
      "fov": 50,
      "aspect": 1.5912568306010928
    },
    {
      "camera_to_world": [
        0.43305326442238956,
        0.6432474735754541,
        -0.6314250216074015,
        -1.7696035879629632,
        -0.9013683321334913,
        0.30904171838827227,
        -0.3033617413625388,
        -0.8501880787037033,
        -8.326672684688674e-17,
        0.7005183109915255,
        0.713634427396535,
        2,
        0,
        0,
        0,
        1
      ],
      "fov": 50,
      "aspect": 1.5912568306010928
    },
    {
      "camera_to_world": [
        0.4920572566679021,
        0.622231369832835,
        -0.608857765456278,
        -1.7037037037037033,
        -0.8705628387201343,
        0.351695991644646,
        -0.34413699786659213,
        -0.9629629629629634,
        -5.551115123125783e-17,
        0.6993840517605778,
        0.7147460724921526,
        2,
        0,
        0,
        0,
        1
      ],
      "fov": 50,
      "aspect": 1.5912568306010928
    },
    {
      "camera_to_world": [
        0.5493775521120302,
        0.5980047711714624,
        -0.5835876959734162,
        -1.630859375,
        -0.8355742368188441,
        0.3931791848780033,
        -0.383700173759767,
        -1.072265625,
        -5.551115123125783e-17,
        0.6984271058849562,
        0.715681198415303,
        2,
        0,
        0,
        0,
        1
      ],
      "fov": 50,
      "aspect": 1.5912568306010928
    },
    {
      "camera_to_world": [
        0.6046010450334732,
        0.570623391609943,
        -0.5557396164500041,
        -1.5515046296296298,
        -0.7965284529409056,
        0.43312890784268304,
        -0.4218314507555979,
        -1.1776620370370368,
        -8.326672684688677e-17,
        0.6977021528837146,
        0.7163879576468534,
        2,
        0,
        0,
        0,
        1
      ],
      "fov": 50,
      "aspect": 1.5912568306010928
    },
    {
      "camera_to_world": [
        0.6573112430738696,
        0.5402152417652175,
        -0.5254611520305111,
        -1.46607349537037,
        -0.7536192206470617,
        0.47117900176068256,
        -0.4583103954430035,
