{
  "keyframes": [
    {
      "matrix": "[1,0,0,0,0,0.7099999999999997,0.7100000000000001,0,0,-0.7100000000000001,0.7099999999999997,0,0,-1.5,1.5,1]",
      "fov": 50,
      "aspect": 1.5912568306010928,
      "properties": "[[\"FOV\",50],[\"NAME\",\"Camera 1\"],[\"TIME\",0]]"
    },
    {
      "matrix": "[0,1,0,0,-0.71,0,0.71,0,0.71,0,0.7099999999999999,0,1.5,0,1.5,1]",
      "fov": 50,
      "aspect": 1.5912568306010928,
      "properties": "[[\"FOV\",50],[\"NAME\",\"Camera 2\"],[\"TIME\",0.334]]"
    },
    {
      "matrix": "[-1,0,0,0,0,-0.7099999999999999,0.71,0,0,0.71,0.7099999999999999,0,0,1.5,1.5,1]",
      "fov": 50,
      "aspect": 1.5912568306010928,
      "properties": "[[\"FOV\",50],[\"NAME\",\"Camera 3\"],[\"TIME\",0.667]]"
    },
    {
      "matrix": "[0,-1,0,0,0.71,0,0.71,0,-0.71,0,0.7099999999999999,0,-1.5,0,1.5,1]",
      "fov": 50,
      "aspect": 1.5912568306010928,
      "properties": "[[\"FOV\",50],[\"NAME\",\"Camera 4\"],[\"TIME\",1]]"
    }
  ],
  "camera_type": "perspective",
  "render_height": 1080,
  "render_width": 1920,
  "camera_path": [
    {
      "camera_to_world": [
        1,
        0,
        0,
        0,
        0,
        0.7071067811865475,
        -0.7071067811865477,
        -1.5,
        0,
        0.7071067811865477,
        0.7071067811865475,
        1.5,
        0,
        0,
        0,
        1
      ],
      "fov": 50,
      "aspect": 1.5912568306010928
    },
    {
      "camera_to_world": [
        0.9980526307517622,
        -0.04412100902829709,
        0.04409402240453664,
        0.09350894500235206,
        0.06237744984757595,
        0.705945646058267,
        -0.7055138542664412,
        -1.496163257498833,
        1.3877787807814457e-17,
        0.7068904309535539,
        0.7073230652440927,
        1.5,
        0,
        0,
        0,
        1
      ],
      "fov": 50,
      "aspect": 1.5912568306010928
    },
    {
      "camera_to_world": [
        0.9921883299846346,
        -0.08831210236371552,
        0.08810953647819564,
        0.18669431450983456,
        0.12474901940416946,
        0.7023881853355746,
        -0.7007770824297102,
        -1.4848687469919124,
        2.7755575615628907e-17,
        0.7062944213832495,
        0.707918208780436,
        1.5,
        0,
        0,
        0,
        1
      ],
      "fov": 50,
      "aspect": 1.5912568306010928
    },
    {
      "camera_to_world": [
        0.982349570120474,
        -0.1325857189964555,
        0.13194828230148686,
        0.27923253302757794,
        0.18705432923116194,
        0.6962978328040963,
        -0.6929502189538573,
        -1.4664400439741074,
        4.163336342344337e-17,
        0.7054008471433185,
        0.7088086094634352,
        1.5,
        0,
        0,
        0,
        1
      ],
      "fov": 50,
      "aspect": 1.5912568306010928
    },
    {
      "camera_to_world": [
        0.9684596082540654,
        -0.17688829776465614,
        0.1754893651886195,
        0.3708000250607125,
        0.2491705985472249,
        0.6875175986119381,
        -0.6820803210901863,
        -1.4412007239402873,
        4.163336342344337e-17,
        0.70429403072353,
        0.7099083872495123,
        1.5,
        0,
        0,
        0,
        1
      ],
      "fov": 50,
      "aspect": 1.5912568306010928
    },
    {
      "camera_to_world": [
        0.9504388423392043,
        -0.22109904555612708,
        0.21858915578564989,
        0.46107321511436894,
        0.3109115742022376,
        0.675887095679425,
        -0.6682145066676707,
        -1.4094743623853223,
        2.7755575615628914e-17,
        0.703058920680338,
        0.7111316010780271,
        1.5,
        0,
        0,
        0,
        1
      ],
      "fov": 50,
      "aspect": 1.5912568306010928
    },
    {
      "camera_to_world": [
        0.9282210062364591,
        -0.26503159817332267,
        0.2610823922654875,
        0.5497285276936774,
        0.3720292509754784,
        0.6612595544459314,
        -0.6514062005174597,
        -1.3715845348040816,
        5.551115123125783e-17,
        0.7017792057504003,
        0.7123945159645303,
        1.5,
        0,
        0,
        0,
        1
      ],
      "fov": 50,
      "aspect": 1.5912568306010928
    },
    {
      "camera_to_world": [
        0.9017687518118322,
        -0.3084391096073246,
        0.3027844677660516,
        0.6364423873037686,
        0.43221883144505685,
        0.6435183537714666,
        -0.6317206741143834,
        -1.3278548166914348,
        5.551115123125785e-17,
        0.700535112627413,
        0.713617934174932,
        1.5,
        0,
        0,
        0,
        1
      ],
      "fov": 50,
      "aspect": 1.5912568306010928
    },
    {
      "camera_to_world": [
        0.8710878535297943,
        -0.35102314273696616,
        0.3434948394021653,
        0.7208912184497723,
        0.4911272253020147,
        0.6225922331184031,
        -0.609239657136487,
        -1.2786087835422515,
        8.326672684688677e-17,
        0.6994009326013968,
        0.7147295540806301,
        1.5,
        0,
        0,
        0,
        1
      ],
      "fov": 50,
      "aspect": 1.5912568306010928
    },
    {
      "camera_to_world": [
        0.8362390383173208,
        -0.39244640203517556,
        0.38300142600748627,
        0.8027514456368199,
        0.5483650889636599,
        0.5984680798137683,
        -0.5840647966192607,
        -1.2241700108514013,
        8.326672684688677e-17,
        0.6984423948856959,
        0.7156662776925663,
        1.5,
        0,
        0,
        0,
        1
      ],
      "fov": 50,
      "aspect": 1.5912568306010928
    },
    {
      "camera_to_world": [
        0.7973463540225126,
        -0.43234888380095404,
        0.4210857803382528,
        0.8816994933700412,
        0.6035219894312105,
        0.571200075890004,
        -0.5563197655811338,
        -1.1648620741137536,
        8.326672684688674e-17,
        0.6977140646277118,
        0.7163763564081922,
        1.5,
        0,
        0,
        0,
        1
      ],
      "fov": 50,
      "aspect": 1.5912568306010928
    },
    {
      "camera_to_world": [
        0.754601094077566,
        -0.4703664955132381,
        0.4575287408628394,
        0.9574117861545666,
        0.6561838071889158,
        0.5409140979145387,
        -0.5261508812692046,
        -1.1010085488241785,
        1.1102230246251563e-16,
        0.6972569817333463,
        0.7168212478882753,
        1.5,
        0,
        0,
        0,
        1
      ],
      "fov": 50,
      "aspect": 1.5912568306010928
    },
    {
      "camera_to_world": [
        0.7082606117366205,
        -0.5061507174317847,
        0.49211620284822755,
        1.029564748495527,
        0.705951064778904,
        0.5078066096145618,
        -0.4937261805589164,
        -1.032933010477545,
        2.775557561562892e-17,
        0.6970967640687006,
        0.7169770578790833,
        1.5,
        0,
        0,
        0,
        1
      ],
      "fov": 50,
      "aspect": 1.5912568306010928
    },
    {
      "camera_to_world": [
        0.6586418537640286,
        -0.53938756025887,
        0.5246446114354628,
        1.0978348048980522,
        0.752456582448638,
        0.47213783608625515,
        -0.4592330075958222,
        -0.9609590345687229,
        8.326672684688674e-17,
        0.6972423707533645,
        0.7168354597996863,
        1.5,
        0,
        0,
        0,
        1
      ],
      "fov": 50,
      "aspect": 1.5912568306010928
    },
    {
      "camera_to_world": [
        0.6061100390928574,
        -0.5698140040277128,
        0.5549257800145536,
        1.1618983798672733,
        0.7953808022015962,
        0.4342196684920206,
        -0.42287428271748206,
        -0.8854101965925816,
        5.5511151231257815e-17,
        0.6976856600995792,
        0.7164040198738519,
        1.5,
        0,
        0,
        0,
        1
      ],
      "fov": 50,
      "aspect": 1.5912568306010928
    },
    {
      "camera_to_world": [
        0.5510634860247718,
        -0.5972303236163304,
        0.582790678480155,
        1.22143189790832,
        0.8344633211653021,
        0.3943993890973221,
        -0.38486372589454715,
        -0.8066100720439909,
        1.1102230246251565e-16,
        0.6984017915446611,
        0.715705901587522,
        1.5,
        0,
        0,
        0,
        1
      ],
      "fov": 50,
      "aspect": 1.5912568306010928
    },
    {
      "camera_to_world": [
        0.49391603117785243,
        -0.6215071831470416,
        0.6080919136464062,
        1.2761117835263232,
        0.8695096055510365,
        0.3530407936712499,
        -0.3454203871494199,
        -0.7248822364178205,
        8.326672684688677e-17,
        0.6993504266822205,
        0.7147789733193025,
        1.5,
        0,
        0,
        0,
        1
      ],
      "fov": 50,
      "aspect": 1.5912568306010928
    },
    {
      "camera_to_world": [
        0.43507869523008985,
        -0.6425870180427632,
        0.6307047274278131,
        1.3256144612264134,
        0.9003924305306452,
        0.3105045221416086,
        -0.3047628795846512,
        -0.6405502652089395,
        8.326672684688677e-17,
        0.7004775984801518,
        0.7136743893593767,
        1.5,
        0,
        0,
        0,
        1
      ],
      "fov": 50,
      "aspect": 1.5912568306010928
    },
    {
      "camera_to_world": [
        0.37494220258945443,
        -0.6604798858710835,
        0.6505264522500902,
        1.3696163555137206,
        0.9270481889941691,
        0.26712935326827236,
        -0.26310371321041065,
        -0.553937733912218,
        5.551115123125784e-17,
        0.7017180551918233,
        0.712454750154566,
        1.5,
        0,
        0,
        0,
        1
      ],
      "fov": 50,
      "aspect": 1.5912568306010928
    },
    {
      "camera_to_world": [
        0.31386168609564624,
        -0.6752545239256412,
        0.6674744713613799,
        1.4077938908933756,
        0.9494687156516524,
        0.22321591004455102,
        -0.22064409237907293,
        -0.46536821802252515,
        5.551115123125784e-17,
        0.7029978559148943,
        0.7111919674596033,
        1.5,
        0,
        0,
        0,
        1
      ],
      "fov": 50,
      "aspect": 1.5912568306010928
    },
    {
      "camera_to_world": [
        0.2521444842646504,
        -0.6870257088843345,
        0.6814828203167643,
        1.4398234918705088,
        0.9676895985050751,
        0.1790137491513894,
        -0.1775694753043157,
        -0.3751652930347307,
        1.804112415015879e-16,
        0.7042370005521873,
        0.7099649618490047,
        1.5,
        0,
        0,
        0,
        1
      ],
      "fov": 50,
      "aspect": 1.5912568306010928
    },
    {
      "camera_to_world": [
        0.1900414691129389,
        -0.6959391341371801,
        0.6924976256954155,
        1.4653815829502503,
        0.9817760640886475,
        0.1347122834853247,
        -0.13404611393387575,
        -0.2836525344437042,
        1.9428902930940244e-16,
        0.7053519137668525,
        0.7088573042195718,
        1.5,
        0,
        0,
        0,
        1
      ],
      "fov": 50,
      "aspect": 1.5912568306010928
    },
    {
      "camera_to_world": [
        0.1277419214186371,
        -0.7021549204720963,
        0.7004716048271328,
        1.484144588637731,
        0.9918074417508043,
        0.09043551691477625,
        -0.09021871074274156,
        -0.19115351774431533,
        1.2490009027033014e-16,
        0.7062576618608689,
        0.7079548820813503,
        1.5,
        0,
        0,
        0,
        1
      ],
      "fov": 50,
      "aspect": 1.5912568306010928
    },
    {
      "camera_to_world": [
        0.06537166459791258,
        -0.7058306106756104,
        0.7053578485428463,
        1.4957889334380812,
        0.9978609850413523,
        0.046240230488732444,
        -0.046209258992661574,
        -0.09799181843143334,
        1.1796119636642288e-16,
        0.7068698537338001,
        0.7073436292795434,
        1.5,
        0,
        0,
        0,
        1
      ],
      "fov": 50,
      "aspect": 1.5912568306010928
    },
    {
      "camera_to_world": [
        0.002994012461141878,
        -0.7071041386932244,
        0.7071030850818683,
        1.4999910418564308,
        0.9999955179346468,
        0.0021170880914995827,
        -0.0021170849369601358,
        -0.00449101199992874,
        1.5655879370690684e-16,
        0.7071062543783119,
        0.7071073079943907,
        1.5,
        0,
        0,
        0,
        1
      ],
      "fov": 50,
      "aspect": 1.5912568306010928
    },
    {
      "camera_to_world": [
        -0.05956156714448351,
        -0.7060487985973685,
        0.7056539617393965,
        1.4964996095485388,
        0.9982246338972474,
        -0.0421281658425471,
        0.04210460691479811,
        0.08929238865587205,
        2.4286128663675305e-17,
        0.7069089839872991,
        0.7073045230719541,
        1.5,
        0,
        0,
        0,
        1
      ],
      "fov": 50,
      "aspect": 1.5912568306010928
    },
    {
      "camera_to_world": [
        -0.12212150066603629,
        -0.7025881557845433,
        0.7010393872146912,
        1.4854909220566725,
        0.992515158108467,
        -0.0864481708250289,
        0.08625760653954714,
        0.18277844841489999,
        2.0816681711721685e-17,
        0.706326126596122,
        0.7078865748746185,
        1.5,
        0,
        0,
        0,
        1
      ],
      "fov": 50,
      "aspect": 1.5912568306010928
    },
    {
      "camera_to_world": [
        -0.18461855429299912,
        -0.696585698673393,
        0.6933140369374213,
        1.4672914128315477,
        0.982810250969516,
        -0.13085195693003554,
        0.13023738310031102,
        0.27562718143839804,
        2.7755575615628914e-17,
        0.7054403800260384,
        0.7087692644498057,
        1.5,
        0,
        0,
        0,
        1
      ],
      "fov": 50,
      "aspect": 1.5912568306010928
    },
    {
      "camera_to_world": [
        -0.24693143401596188,
        -0.6878835350529195,
        0.6825255373229043,
        1.4422275812253822,
        0.9690329544937162,
        -0.17528822622480594,
        0.1739228876604243,
        0.36751208837414734,
        2.775557561562892e-17,
        0.7043367660076107,
        0.7098659873877181,
        1.5,
        0,
        0,
        0,
        1
      ],
      "fov": 50,
      "aspect": 1.5912568306010928
    },
    {
      "camera_to_world": [
        -0.3088746028312563,
        -0.6763196585792863,
        0.6687213165026454,
        1.410625926590395,
        0.951102770328125,
        -0.21963763795849248,
        0.21717004458760067,
        0.4581066698699289,
        2.775557561562892e-17,
        0.7031010079719783,
        0.7110899890933552,
        1.5,
        0,
        0,
        0,
        1
      ],
      "fov": 50,
      "aspect": 1.5912568306010928
    },
    {
      "camera_to_world": [
        -0.3701999123137497,
        -0.661745226615399,
        0.6519549677505543,
        1.3728129482788045,
        0.9289521112107406,
        -0.2637143744124478,
        0.2598128245590645,
        0.5470844265735252,
        -2.7755575615628914e-17,
        0.7018176285759611,
        0.7123566636313683,
        1.5,
        0,
        0,
        0,
        1
      ],
      "fov": 50,
      "aspect": 1.5912568306010928
    },
    {
      "camera_to_world": [
        -0.4306015175257152,
        -0.6440413690125427,
        0.6322919010275246,
        1.329115145642829,
        0.9025421503201674,
        -0.30727117924383013,
        0.3016655255436967,
        0.6341188591327174,
        2.775557561562892e-17,
        0.7005677250677166,
        0.7135859181580338,
        1.5,
        0,
        0,
        0,
        1
      ],
      "fov": 50,
      "aspect": 1.5912568306010928
    },
    {
      "camera_to_world": [
        -0.4897243891394233,
        -0.6231346870965286,
        0.6098140572495275,
        1.279859018034687,
        0.8718772979508178,
        -0.35000825770686295,
        0.3425261987862935,
        0.7188834681952867,
        -2.775557561562892e-17,
        0.6994264659520095,
        0.7147045674443968,
        1.5,
        0,
        0,
        0,
        1
      ],
      "fov": 50,
      "aspect": 1.5912568306010928
    },
    {
      "camera_to_world": [
        -0.5471764351891555,
        -0.5990103200786991,
        0.584623455920905,
        1.2253710648065965,
        0.8370172929956035,
        -0.39158609305327596,
        0.3821810865984646,
        0.8010517544090153,
        -2.7755575615628914e-17,
        0.6984604270583163,
        0.7156486790552431,
        1.5,
        0,
        0,
        0,
        1
      ],
      "fov": 50,
      "aspect": 1.5912568306010928
    },
    {
      "camera_to_world": [
        -0.6025438207957946,
        -0.5717213383060757,
        0.5568443726449206,
        1.1659777853107764,
        0.7980857999117672,
        -0.43164176038655605,
        0.4204098555809433,
        0.8802972184216847,
        0,
        0.6977249472506374,
        0.7163657571269689,
        1.5,
        0,
        0,
        0,
        1
      ],
      "fov": 50,
      "aspect": 1.5912568306010928
    },
    {
      "camera_to_world": [
        -0.6554085941514307,
        -0.5413933278251067,
        0.5266240018256876,
        1.1020056788994452,
        0.7552745028878212,
        -0.469807783151817,
        0.4569913261513067,
        0.9562933608810757,
        2.7755575615628914e-17,
        0.697261723799917,
        0.7168166352168233,
        1.5,
        0,
        0,
        0,
        1
      ],
      "fov": 50,
      "aspect": 1.5912568306010928
    },
    {
      "camera_to_world": [
        -0.7053672864505175,
        -0.5082233797814192,
        0.4941315487286609,
        1.0337812449248212,
        0.7088420072240595,
        -0.5057320850819954,
        0.4917093317328681,
        1.028713682434971,
        0,
        0.6970968758803676,
        0.7169769491677059,
        1.5,
        0,
        0,
        0,
        1
      ],
      "fov": 50,
      "aspect": 1.5912568306010928
    },
    {
      "camera_to_world": [
        -0.7520488573804351,
        -0.47247325669912343,
        0.45955580489958603,
        0.9616309827391225,
        0.6591073631152835,
        -0.5390972590018535,
        0.5243583023314368,
        1.0972316837311515,
        -1.3877787807814457e-16,
        0.6972396768979896,
        0.7168380800147179,
        1.5,
        0,
        0,
        0,
        1
      ],
      "fov": 50,
      "aspect": 1.5912568306010928
    },
    {
      "camera_to_world": [
        -0.7951302916616505,
        -0.4344571825998243,
        0.42310137765018185,
        0.8858813916945683,
        0.6064386360400027,
        -0.5696372984591802,
        0.5547481671191606,
        1.1615208654173985,
        -5.551115123125783e-17,
        0.6976820942890464,
        0.7164074924988224,
        1.5,
        0,
        0,
        0,
        1
      ],
      "fov": 50,
      "aspect": 1.5912568306010928
    },
    {
      "camera_to_world": [
        -0.834348352531135,
        -0.3945253615085536,
        0.3849838512913577,
        0.806858971143376,
        0.5512375410189161,
        -0.5971501592543319,
        0.5827082122932067,
        1.2212547281414945,
        -8.326672684688677e-17,
        0.6983991884510398,
        0.7157084417351307,
        1.5,
        0,
        0,
        0,
        1
      ],
      "fov": 50,
      "aspect": 1.5912568306010928
    },
    {
      "camera_to_world": [
        -0.8695064362581832,
        -0.35304483030827294,
        0.3454242393032035,
        0.7248902204377646,
        0.4939216104865165,
        -0.6215050034728162,
        0.6080896096404382,
        1.2761067725512205,
        -5.551115123125784e-17,
        0.6993503259818054,
        0.7147790718460793,
        1.5,
        0,
        0,
        0,
        1
      ],
      "fov": 50,
      "aspect": 1.5912568306010928
    },
    {
      "camera_to_world": [
        -0.9004760587056033,
        -0.3103794940126053,
        0.3046431312117542,
        0.6403016389299531,
        0.43490558480895936,
        -0.6426436294081651,
        0.6307664368711117,
        1.3257504992943576,
        0,
        0.7004810741751558,
        0.7136709779179898,
        1.5,
        0,
        0,
        0,
        1
      ],
      "fov": 50,
      "aspect": 1.5912568306010928
    },
    {
      "camera_to_world": [
        -0.9271931170875922,
        -0.26687113690267317,
        0.26285494082034927,
        0.5534197259721587,
        0.37458366705636625,
        -0.6605762691950604,
        0.6506351273570622,
        1.3698594090186882,
        -2.7755575615628914e-17,
        0.7017255794572476,
        0.7124473392015652,
        1.5,
        0,
        0,
        0,
        1
      ],
      "fov": 50,
      "aspect": 1.5912568306010928
    },
    {
      "camera_to_world": [
        -0.9496495860790659,
        -0.222822887292998,
        0.22026262633109334,
        0.46457098091660054,
        0.31331400169775203,
        -0.6753725066231412,
        0.6676123977561503,
        1.4081070023719935,
        -2.7755575615628914e-17,
        0.7030092020706321,
        0.7111807518514638,
        1.5,
        0,
        0,
        0,
        1
      ],
      "fov": 50,
      "aspect": 1.5912568306010928
    },
    {
      "camera_to_world": [
        -0.9678816408500382,
        -0.1784861290640527,
        0.17705318702911862,
        0.37408190311549755,
        0.2514063032333075,
        -0.6871484336141331,
        0.6816317927416572,
        1.4401667800020548,
        -2.7755575615628914e-17,
        0.7042511852410145,
        0.7099508913203972,
        1.5,
        0,
        0,
        0,
        1
      ],
      "fov": 50,
      "aspect": 1.5912568306010928
    },
    {
      "camera_to_world": [
        -0.9819553161566787,
        -0.1340513163034196,
        0.13339415905112773,
        0.282278991921067,
        0.18911308011778827,
        -0.6960512863518306,
        0.6926390471929263,
        1.4657122425566542,
        -1.3877787807814457e-17,
        0.7053671748566718,
        0.7088421182708583,
        1.5,
        0,
        0,
        0,
        1
      ],
      "fov": 50,
      "aspect": 1.5912568306010928
    },
    {
      "camera_to_world": [
        -0.9919507265754981,
        -0.08964266687571595,
        0.08943124913446718,
        0.18948874668552795,
        0.12662446859253437,
        -0.7022426986499073,
        0.7005864944077596,
        1.4844168906835733,
        -1.387778780781446e-17,
        0.7062714665539767,
        0.707941110214469,
        1.5,
        0,
        0,
        0,
        1
      ],
      "fov": 50,
      "aspect": 1.5912568306010928
    },
    {
      "camera_to_world": [
        -0.9979456393245623,
        -0.045316364054645314,
        0.04528717370247019,
        0.09603766676109926,
        0.06406637927252375,
        -0.7058814375322848,
        0.7054267468662243,
        1.495954225030593,
        0,
        0.7068789311446635,
        0.7073345578322736,
        1.5,
        0,
        0,
        0,
        1
      ],
      "fov": 50,
      "aspect": 1.5912568306010928
    },
    {
      "camera_to_world": [
        -0.9999988727458923,
        -0.0010617221366733159,
        0.0010617217382628082,
        0.0022522514999985255,
        0.0015015015634363988,
        -0.7071061167680553,
        0.7071058514269674,
        1.4999977462454956,
        -1.0842021724855044e-19,
        0.7071066485158415,
        0.7071069138572287,
        1.5,
        0,
        0,
        0,
        1
      ],
      "fov": 50,
      "aspect": 1.5912568306010928
    },
    {
      "camera_to_world": [
        -0.9981339033839537,
        0.04319085528858663,
        -0.043165506309469893,
        -0.09154099974555564,
        -0.061063171515345634,
        -0.7059943974389623,
        0.705580044976673,
        1.496322138668133,
        6.93889390390723e-18,
        0.7068991871577139,
        0.7073143142873353,
        1.5,
        0,
        0,
        0,
        1
      ],
      "fov": 50,
      "aspect": 1.5912568306010928
    },
    {
      "camera_to_world": [
        -0.9923293159821343,
        0.08751295171075536,
        -0.0873155881002972,
        -0.18501558762334505,
        -0.12362252481821331,
        -0.7024744692636873,
        0.7008902135072732,
        1.4851370474942551,
        1.387778780781446e-17,
        0.7063080796051903,
        0.7079045816241255,
        1.5,
        0,
        0,
        0,
        1
      ],
      "fov": 50,
      "aspect": 1.5912568306010928
    },
    {
      "camera_to_world": [
        -0.9825276197542687,
        0.1319183896565356,
        -0.13128981259198208,
        -0.2778450127811498,
        -0.18611683540188226,
        -0.6964091190954197,
        0.6930908038783449,
        1.4667689705715719,
        1.3877787807814457e-17,
        0.7054161022482887,
        0.7087934273741765,
        1.5,
        0,
        0,
        0,
        1
      ],
      "fov": 50,
      "aspect": 1.5912568306010928
    },
    {
      "camera_to_world": [
        -0.9686515774007951,
        0.1763542435056513,
        -0.17496657508364583,
        -0.36970277586675254,
        -0.24842327104953682,
        -0.687640153160247,
        0.6822293589129689,
        1.441544407252302,
        2.7755575615628914e-17,
        0.7043083135667941,
        0.709894217077938,
        1.5,
        0,
        0,
        0,
        1
      ],
      "fov": 50,
      "aspect": 1.5912568306010928
    },
    {
      "camera_to_world": [
        -0.950620809002107,
        0.22069954586882692,
        -0.21820125560012982,
        -0.4602623775279358,
        -0.31035476070487406,
        -0.6760056793191218,
        0.6683533826024323,
        1.409789856888663,
        2.7755575615628907e-17,
        0.7030704317361003,
        0.7111202205101567,
        1.5,
        0,
        0,
        0,
        1
      ],
      "fov": 50,
      "aspect": 1.5912568306010928
    },
    {
      "camera_to_world": [
        -0.9283682356485421,
        0.264766930619955,
        -0.2608273212086897,
        -0.5491973184124791,
        -0.37166169972007207,
        -0.6613573807117062,
        0.6515166889185099,
        1.3718318188328742,
        2.7755575615628907e-17,
        0.7017869245207118,
        0.7123869121283468,
        1.5,
        0,
        0,
        0,
        1
      ],
      "fov": 50,
      "aspect": 1.5912568306010928
    },
    {
      "camera_to_world": [
        -0.9018559060485488,
        0.30830776037369045,
        -0.30265863546033256,
        -0.6361810991681651,
        -0.43203694833353257,
        -0.6435773043164805,
        0.6317850335702649,
        1.3279967924371536,
        2.775557561562892e-17,
        0.7005387771294971,
        0.7136143368360173,
        1.5,
        0,
        0,
        0,
        1
      ],
      "fov": 50,
      "aspect": 1.5912568306010928
    },
    {
      "camera_to_world": [
        -0.871089428542084,
        0.35102112172216904,
        -0.343492910534025,
        -0.7208872204427763,
        -0.491124431770835,
        -0.6225933155568244,
        0.6092408029192848,
        1.278611277053719,
        0,
        0.6994009833628135,
        0.7147295044078769,
        1.5,
        0,
        0,
        0,
        1
      ],
      "fov": 50,
      "aspect": 1.5912568306010928
    },
    {
      "camera_to_world": [
        -0.8361299917263778,
        0.3925667325721429,
        -0.3831161669954417,
        -0.8029891828840924,
        -0.5485313454449504,
        -0.5983920911417416,
        0.5839865309434508,
        1.2240017720347902,
        2.775557561562892e-17,
        0.6984398798297855,
        0.7156687322101997,
        1.5,
        0,
        0,
        0,
        1
      ],
      "fov": 50,
      "aspect": 1.5912568306010928
    },
    {
      "camera_to_world": [
        -0.7971028643176133,
        0.4325813303545231,
        -0.42130798274583836,
        -0.8821604871398958,
        -0.6038435423987383,
        -0.5710284092898739,
        0.5561470417859106,
        1.164494776732585,
        5.551115123125784e-17,
        0.6977105047314305,
        0.7163798235485228,
        1.5,
        0,
        0,
        0,
        1
      ],
      "fov": 50,
      "aspect": 1.5912568306010928
    },
    {
      "camera_to_world": [
        -0.754201371075097,
        0.470697573488181,
        -0.4578472301770344,
        -0.958074633857969,
        -0.6566431998189305,
        -0.5406296073490121,
        0.5258700750082754,
        1.1004167904993212,
        8.326672684688674e-17,
        0.6972542018302877,
        0.7168239519087015,
        1.5,
        0,
        0,
        0,
        1
      ],
      "fov": 50,
      "aspect": 1.5912568306010928
    },
    {
      "camera_to_world": [
        -0.7076856649687596,
        0.5065639986276191,
        -0.4925179335741209,
        -1.030405123686092,
        -0.7065274231038203,
        -0.5073944315468455,
        0.493325340153462,
        1.0320943126872184,
        0,
        0.6970966978329843,
        0.716977122278214,
        1.5,
        0,
        0,
        0,
        1
      ],
      "fov": 50,
      "aspect": 1.5912568306010928
    },
    {
      "camera_to_world": [
        -0.6578761246056136,
        0.5398642499953645,
        -0.5251148410117941,
        -1.0988254572720468,
        -0.753126154554401,
        -0.471586066228446,
        0.4587020574024936,
        0.9598538426484944,
        2.775557561562892e-17,
        0.6972468527832322,
        0.7168311002487808,
        1.5,
        0,
        0,
        0,
        1
      ],
      "fov": 50,
      "aspect": 1.5912568306010928
    },
    {
      "camera_to_world": [
        -0.6051418160583916,
        0.570333728580903,
        -0.5554483058760342,
        -1.1630091352636163,
        -0.7961176938478078,
        -0.4335198061039199,
        0.42220515778240786,
        0.8840218797353669,
        0,
        0.697696220255366,
        0.7163937354844581,
        1.5,
        0,
        0,
        0,
        1
      ],
      "fov": 50,
      "aspect": 1.5912568306010928
    },
    {
      "camera_to_world": [
        -0.5498850493265663,
        0.5977720371120077,
        -0.5833481157714323,
        -1.2226296583085807,
        -0.8352403441687428,
        -0.39354649043026857,
        0.38405042291722413,
        0.8049249233000548,
        -5.551115123125783e-17,
        0.6984194667368452,
        0.715688653314429,
        1.5,
        0,
        0,
        0,
        1
      ],
      "fov": 50,
      "aspect": 1.5912568306010928
    },
    {
      "camera_to_world": [
        -0.4925235074329537,
        0.6220500875911156,
        -0.6086659865261298,
        -1.2773605270547208,
        -0.8702991408854437,
        -0.3520333142322152,
        0.3444589250472997,
        0.7228894726947789,
        -2.7755575615628914e-17,
        0.6993756030907625,
        0.7147543394771606,
        1.5,
        0,
        0,
        0,
        1
      ],
      "fov": 50,
      "aspect": 1.5912568306010928
    },
    {
      "camera_to_world": [
        -0.43347163917148834,
        0.6431113913217912,
        -0.6312765450942502,
        -1.3268752421498202,
        -0.9011672086987981,
        -0.30934386679319165,
        0.30365117164841154,
        0.6382420272717537,
        0,
        0.7005098931703864,
        0.7136426904063503,
        1.5,
        0,
        0,
        0,
        1
      ],
      "fov": 50,
      "aspect": 1.5912568306010928
    },
    {
      "camera_to_world": [
        -0.3731229528437575,
        0.6609677286903728,
        -0.6510767417832132,
        -1.3708473042416598,
        -0.9277819043617715,
        -0.2658191860651096,
        0.2618413608628849,
        0.5513090863831994,
        2.775557561562892e-17,
        0.7017562411190742,
        0.7124171376731666,
        1.5,
        0,
        0,
        0,
        1
      ],
      "fov": 50,
      "aspect": 1.5912568306010928
    },
    {
      "camera_to_world": [
        -0.3118345616207708,
        0.6756899626310368,
        -0.6679837427501135,
        -1.4089502139780201,
        -0.9501364145104543,
        -0.22176129666303407,
        0.21923211699828127,
        0.4624171493813355,
        0,
        0.703039829385219,
        0.711150475144327,
        1.5,
        0,
        0,
        0,
        1
      ],
      "fov": 50,
      "aspect": 1.5912568306010928
    },
    {
      "camera_to_world": [
        -0.24991489513532056,
        0.6873951200810755,
        -0.681931443825716,
        -1.440857472006684,
        -0.9682678065439859,
        -0.1774202118365991,
        0.17601000892663632,
        0.37189271561837844,
        -6.938893903907227e-17,
        0.7042797862501666,
        0.7099225187859728,
        1.5,
        0,
        0,
        0,
        1
      ],
      "fov": 50,
      "aspect": 1.5912568306010928
    },
    {
      "camera_to_world": [
        -0.1876150113946072,
        0.696230982412549,
        -0.6928658070855122,
        -1.4662425789754319,
        -0.9822426418657468,
        -0.13298484318548104,
        0.1323420718574845,
        0.28006228444654846,
        0,
        0.7053917001296441,
        0.7088177123832403,
        1.5,
        0,
        0,
        0,
        1
      ],
      "fov": 50,
      "aspect": 1.5912568306010928
    },
    {
      "camera_to_world": [
        -0.1251235145483824,
        0.70235931758708,
        -0.700739249011836,
        -1.4847790355320463,
        -0.992141172468445,
        -0.08857778381845557,
        0.08837346947331085,
        0.1872523552180635,
        -6.93889390390723e-17,
        0.7062898592025953,
        0.7079227604672546,
        1.5,
        0,
        0,
        0,
        1
      ],
      "fov": 50,
      "aspect": 1.5912568306010928
    },
    {
      "camera_to_world": [
        -0.06256477569393844,
        0.7059386109834835,
        -0.7055043064114329,
        -1.4961403423243087,
        -0.9980409053953487,
        -0.04425358781499694,
        0.04422636230952285,
        0.0937894272851405,
        -6.93889390390723e-18,
        0.7068891691688381,
        0.7073243262547879,
        1.5,
        0,
        0,
        0,
        1
      ],
      "fov": 50,
      "aspect": 1.5912568306010928
    },
    {
      "camera_to_world": [
        -3.925231146709437e-17,
        0.7071067811865476,
        -0.7071067811865476,
        -1.5,
        -1,
        -5.551115123125783e-17,
        0,
        0,
        -3.925231146709437e-17,
        0.7071067811865476,
        0.7071067811865476,
        1.5,
        0,
        0,
        0,
        1
      ],
      "fov": 50,
      "aspect": 1.5912568306010928
    },
    {
      "camera_to_world": [
        0.06250220886224897,
        0.705940963099065,
        -0.705507498547042,
        -1.4961480034722223,
        -0.9980448255901836,
        0.04420930642463208,
        -0.0441821608583507,
        -0.09369574652777744,
        -5.204170427930421e-17,
        0.7068895909859034,
        0.7073239046969799,
        1.5,
        0,
        0,
        0,
        1
      ],
      "fov": 50,
      "aspect": 1.5912568306010928
    },
    {
      "camera_to_world": [
        0.12499843341630285,
        0.7023689695722567,
        -0.7007518977680162,
        -1.4848090277777777,
        -0.9921569390189591,
        0.08848904585958578,
        -0.08828531655598233,
        -0.18706597222222254,
        -5.551115123125785e-17,
        0.7062913841644016,
        0.7079212390196621,
        1.5,
        0,
        0,
        0,
        1
      ],
      "fov": 50,
      "aspect": 1.5912568306010928
    },
    {
      "camera_to_world": [
        0.1874277452174522,
        0.6962533347297596,
        -0.6928940281171365,
        -1.46630859375,
        -0.9822783924747107,
        0.132851535397986,
        -0.13221054882155153,
        -0.27978515625,
        -8.326672684688674e-17,
        0.7053947571538131,
        0.708814670121826,
        1.5,
        0,
        0,
        0,
        1
      ],
      "fov": 50,
      "aspect": 1.5912568306010928
    },
    {
      "camera_to_world": [
        0.24966630603781814,
        0.6874360736868083,
        -0.6819812169139967,
        -1.4409722222222223,
        -0.9683319346326602,
        0.1772425539385262,
        -0.17583612098746404,
        -0.37152777777777746,
        -6.938893903907228e-17,
        0.7042845459524252,
        0.7099177968839676,
        1.5,
        0,
        0,
        0,
        1
      ],
      "fov": 50,
      "aspect": 1.5912568306010928
    },
    {
      "camera_to_world": [
        0.31152629939077275,
        0.6757558803118584,
        -0.6680608916946388,
        -1.4091254340277777,
        -0.950237530719499,
        0.22154011168734755,
        -0.21901738315865915,
        -0.46196831597222254,
        -2.775557561562892e-17,
        0.7030462069718483,
        0.7111441702372994,
        1.5,
        0,
        0,
        0,
        1
      ],
      "fov": 50,
      "aspect": 1.5912568306010928
    },
    {
      "camera_to_world": [
        0.3727576899046712,
        0.6610653110936728,
        -0.6511868849151974,
        -1.37109375,
        -0.9279287174222668,
        0.2655561506102787,
        -0.26158789394029297,
        -0.55078125,
        -8.326672684688677e-17,
        0.7017639099737719,
        0.712409583496968,
        1.5,
        0,
        0,
        0,
        1
      ],
      "fov": 50,
      "aspect": 1.5912568306010928
    },
    {
      "camera_to_world": [
        0.43305326442238956,
        0.6432474735754541,
        -0.6314250216074015,
        -1.3272026909722223,
        -0.9013683321334913,
        0.30904171838827227,
        -0.3033617413625388,
        -0.6376410590277775,
        -8.326672684688674e-17,
        0.7005183109915255,
        0.713634427396535,
        1.5,
        0,
        0,
        0,
        1
      ],
      "fov": 50,
      "aspect": 1.5912568306010928
    },
    {
      "camera_to_world": [
        0.4920572566679021,
        0.622231369832835,
        -0.608857765456278,
        -1.2777777777777777,
        -0.8705628387201343,
        0.351695991644646,
        -0.34413699786659213,
        -0.7222222222222225,
        -5.551115123125783e-17,
        0.6993840517605778,
        0.7147460724921526,
        1.5,
        0,
        0,
        0,
        1
      ],
      "fov": 50,
      "aspect": 1.5912568306010928
    },
    {
      "camera_to_world": [
        0.5493775521120302,
        0.5980047711714624,
        -0.5835876959734162,
        -1.22314453125,
        -0.8355742368188441,
        0.3931791848780033,
        -0.383700173759767,
        -0.80419921875,
        -5.551115123125783e-17,
        0.6984271058849562,
        0.715681198415303,
        1.5,
        0,
        0,
        0,
        1
      ],
      "fov": 50,
      "aspect": 1.5912568306010928
    },
    {
      "camera_to_world": [
        0.6046010450334732,
        0.570623391609943,
        -0.5557396164500041,
        -1.1636284722222223,
        -0.7965284529409056,
        0.43312890784268304,
        -0.4218314507555979,
        -0.8832465277777775,
        -8.326672684688677e-17,
        0.6977021528837146,
        0.7163879576468534,
        1.5,
        0,
        0,
        0,
        1
      ],
      "fov": 50,
      "aspect": 1.5912568306010928
    },
    {
      "camera_to_world": [
